3.309935125056919336e+00 3.339970194527688840e-02
-3.243516401059488352e+00 8.035483126268418153e-02
2.505023669393737773e+00 -2.484167406267993872e-01
-3.195237042228057156e+00 9.062600767771906984e-02
-3.266153015004805926e+00 1.370826353517201057e-01
-1.784373947648591363e+00 -5.103277701632411567e-01
-2.984118724086151975e+00 -2.502045695063903966e-02
-1.899080043138550167e+00 -4.777430511554279779e-01
3.208353598446450405e+00 -2.014971423625222177e-02
3.234954811279711517e+00 6.061486343371928764e-02
4.295042780342299693e+00 4.456277388438719123e-01
-2.541773533119744410e+00 -1.985435522886210280e-01
3.132866172053180076e+00 -7.322922480606898835e-03
3.616257397992655775e+00 1.676794742727580334e-01
3.231267466169821745e+00 -1.309395021204631457e-02
-2.402263453399846593e+00 -2.665370340557933759e-01
-3.319559787886697144e+00 1.544349101805567448e-01
-4.477964054593897458e+00 6.792480639400652054e-01
3.987195675151689045e+00 3.320630747614227718e-01
3.204230559493818742e+00 -8.985176373921731352e-03
-3.816438352691143177e+00 3.683415141741442356e-01
2.925492402081639742e+00 -9.152861490755245799e-02
-2.380538723767947396e+00 -2.382205418104111072e-01
2.835162512028807313e+00 -1.317982467025007320e-01
3.909219295384605886e+00 2.700093740038525536e-01
2.511881761161312010e+00 -2.397897918208999612e-01
2.224601500770927665e+00 -3.746101237734392186e-01
-1.759922200498592382e+00 -5.527234009463487530e-01
-2.637551133372419976e+00 -1.529257620370732262e-01
2.629178803019816879e+00 -1.829052701627169597e-01
-3.966954251499196005e+00 4.659383783648158861e-01
-2.230518339854706156e+00 -3.343280195485421880e-01
-2.700999808946776160e+00 -1.130608140091623470e-01
-3.107418496121866713e+00 5.855470178127748088e-02
-1.968053538938026037e+00 -4.287460368342856931e-01
-3.680363015754862133e+00 3.203978874725523229e-01
4.129385716001815254e+00 3.839445715875768883e-01
-2.760041114122873562e+00 -1.086961282466742951e-01
-2.909107719200695996e+00 -8.984113338964080930e-03
3.756726306754644362e+00 2.258591064623321487e-01
2.466499999596099446e+00 -2.733710690254040898e-01
2.456180936523475467e+00 -2.858267239136544347e-01
3.388871661208631370e+00 1.763256406380540875e-01
-3.027950654898455607e+00 5.968464042328923934e-03
3.505468722402388160e+00 1.076098789239518516e-01
2.959717953485807129e+00 -9.226420463076996648e-02
-3.052784165799599769e+00 2.906214401307286033e-02
3.395605910778111802e+00 6.024634809696018112e-02
-5.631963610587803259e+00 1.104994937098261687e+00
-2.592821225936873475e+00 -1.873642483096882860e-01
-3.597825080959400346e+00 3.118623017471428005e-01
-3.035376581100621252e+00 4.217853603397132140e-02
-3.488169826478975999e+00 2.294699281454594397e-01
-3.761691410283112269e+00 3.832533266441731645e-01
-1.904221236967620356e+00 -4.797335917439938813e-01
3.794711507648750537e+00 2.477636710390782870e-01
-3.378226298704929409e+00 1.507521014311190566e-01
-2.544603225399446167e+00 -1.913679902711059588e-01
-2.862129967347193382e+00 -6.782340051676578885e-02
3.422996260978134586e+00 8.292797186138271825e-02
5.087522124822632108e+00 7.746626707574201243e-01
-3.667778415687802607e+00 3.050738681811371866e-01
2.402253006866105434e+00 -2.928718894982117460e-01
-3.548657823588867721e+00 2.777221791170973453e-01
-2.385934299172117523e+00 -2.577338344179386787e-01
-2.054388309691471015e+00 -4.106407501516815550e-01
2.620459345432541109e+00 -2.467365848567459052e-01
3.036740923818502136e+00 -4.562630384080030438e-02
3.247098559636017345e+00 -6.863005337551552666e-05
2.339687222238887809e+00 -3.342466763123596585e-01
3.403545798922192667e+00 1.053942960503925497e-01
3.615650261382016950e+00 2.103028604733042928e-01
2.894721799989963262e+00 -1.281964842096992574e-01
-2.532551847664059608e+00 -1.829805098662303231e-01
-2.757839440431148592e+00 -8.030077801920577907e-02
-2.705326251066685561e+00 -1.471930437367339195e-01
3.550634650710369655e+00 1.491033222490803778e-01
3.492307829398978658e+00 1.195618981259116420e-01
3.805219848482976897e+00 2.723922469655550849e-01
-2.560780656825318413e+00 -1.995020093870980837e-01
2.981808057794388400e+00 -7.044971984697508127e-02
2.767269830189130531e+00 -1.413390374944863137e-01
-2.473379126788820326e+00 -2.139849208736131769e-01
-3.040348402550171691e+00 3.328539689751662534e-02
-4.112549019557583563e+00 5.054175193916821129e-01
3.084479055360141331e+00 -3.727992158194005229e-02
2.524127999120796328e+00 -2.477507617887108327e-01
-2.410079716498317204e+00 -2.278296939933749377e-01
3.379823047698485627e+00 9.058806958454392044e-02
-2.644348953025668969e+00 -1.411346941759972495e-01
-2.813009670114327232e+00 -7.496417438384204990e-02
3.235000831283911804e+00 1.370823426973089010e-02
-3.795192566423402969e+00 3.232931183938829722e-01
3.205168934823092730e+00 -2.374888933916700570e-02
-2.853631914248063506e+00 -5.950467145934035251e-02
-3.639482003259139731e+00 3.081745958713029698e-01
3.430423055412673783e+00 8.736046745029561744e-02
-4.342047718655527966e+00 5.495254675301262104e-01
2.873942675764033172e+00 -1.220741610884627237e-01
3.830348324757944400e+00 2.695198334601066059e-01
3.838559431141575828e+00 2.920367076490382185e-01
2.257808686347285931e+00 -3.576482122211463999e-01
4.137224735697325073e+00 3.525455548198596634e-01
-3.197516416115371296e+00 1.047770820240660344e-01
2.650938470610019859e+00 -1.837528885869262329e-01
2.171771156256394608e+00 -3.948097847843943242e-01
-3.760575206138685012e+00 3.412952781821811943e-01
3.916339294570459373e+00 2.885925251357124854e-01
-3.146108541594232033e+00 8.154130521110318497e-02
3.306677848195231473e+00 3.993832480173352406e-02
3.412298948461175208e+00 7.632520669948671121e-02
3.324693444656065200e+00 6.059083694513554136e-02
-2.255260768662834092e+00 -3.036883863455111521e-01
2.599703524497296581e+00 -2.092610910675787028e-01
-2.106223891826678241e+00 -3.764027013954353573e-01
-2.712295848684541877e+00 -1.067856182877119642e-01
-3.918260573876115149e+00 4.223330652684628150e-01
-2.891403137607320151e+00 -3.318698448966039827e-02
2.646711453753796572e+00 -2.220406556889468197e-01
2.192486734483400479e+00 -3.674358449974399199e-01
2.680370449829830637e+00 -1.828882071993610803e-01
-2.350654302852033251e+00 -2.434006372191046819e-01
3.306206542002341653e+00 5.424070771300313482e-02
-2.779712687028744966e+00 -7.734687082133781533e-02
3.565164435210690375e+00 1.325545146218801984e-01
3.544998426150573589e+00 1.569799832144989082e-01
-4.130666913997597334e+00 5.337671949078700573e-01
-3.131289634919771192e+00 5.342184481992332673e-02
3.118227662161238367e+00 -3.675807548334159708e-02
2.647601727904004054e+00 -2.330590408177759254e-01
-3.389730832896488799e+00 1.738923939932235929e-01
-2.778035312872138451e+00 -7.779682379002343662e-02
2.695430341972010702e+00 -1.805346129278605216e-01
-3.893601641647137068e+00 3.928153442538178108e-01
2.625776751531951447e+00 -1.568189293396959338e-01
-2.759488393471607903e+00 -9.187747740701952825e-02
2.149687187246823061e+00 -4.075453496479197746e-01
3.144550621799222956e+00 4.380083017191636896e-03
3.833185850854058163e+00 2.320743573138489835e-01
-3.109658161963653189e+00 8.927150358442846600e-02
3.100906418179079527e+00 -5.358566370063876788e-02
3.496395586610778317e+00 1.588237024360065475e-01
2.940112505790013486e+00 -9.983071826025831375e-02
-2.348072277811565911e+00 -2.575749572473869375e-01
3.172414953694906004e+00 9.861476027357657034e-03
-2.194698136631669794e+00 -2.880002482367736705e-01
-2.354559908050092520e+00 -2.666605422218727983e-01
-3.409381567831829329e+00 1.801143024842526419e-01
2.828783269654912225e+00 -1.286026440605614884e-01
-3.108201878319942324e+00 8.280046493370138427e-02
-3.247465268584722953e+00 1.050008263261467123e-01
3.033094812407682195e+00 -7.681777086858154746e-02
-4.440018250195389982e+00 6.563308721040737037e-01
3.201928837444290021e+00 2.155540878708549560e-03
-2.998826595639007664e+00 5.213791751729997433e-03
-2.363859041059967137e+00 -2.668177172682306697e-01
2.793835317577105126e+00 -1.692592546375263074e-01
-2.257737512809036673e+00 -3.092997696051414391e-01
-2.441890009939190254e+00 -2.151637346367577808e-01
-2.518005531725108881e+00 -1.968018655782936832e-01
-2.063410657827826178e+00 -3.942626731876542334e-01
2.983367453983312600e+00 -7.798937173392882227e-02
3.083239970699053423e+00 -4.000432400215728213e-02
2.759341335363062253e+00 -1.174679247909289764e-01
2.336724737453665490e+00 -3.192231489561342950e-01
3.873656322347918568e+00 2.651473665269756252e-01
4.891081379456182709e+00 6.785234457885666037e-01
-4.102166097397738298e+00 4.869623653744532543e-01
2.617519439650524582e+00 -1.955962510772353835e-01
2.853368348907565633e+00 -8.242592147845335948e-02
5.578652842847143134e+00 9.234523935975260667e-01
3.027524340368897615e+00 -5.228881044323053368e-02
2.328680137338305478e+00 -3.309295141698397336e-01
-3.695405069972880430e+00 3.326589128464950140e-01
-2.245498073676190032e+00 -3.121065736423258574e-01
2.991685007915520611e+00 -5.832277142248387669e-02
3.195865220606832313e+00 5.097932978715773687e-03
2.454525604691290663e+00 -2.415427816357654522e-01
-3.103479882674719637e+00 6.821358377706492060e-02
3.874292858106488602e+00 2.613023176036007311e-01
2.459838793407851831e+00 -2.603642831093482268e-01
-2.396601285839179862e+00 -2.299252655214077956e-01
2.935756749900787721e+00 -1.105020182995768568e-01
-3.014456679246519943e+00 -1.577643451015776910e-02
2.827068506405511439e+00 -1.654462220004801754e-01
2.608231143541181130e+00 -2.066458619036128930e-01
3.253951267004103087e+00 3.081496436511368259e-03
3.525465984720639323e+00 1.266653767075646697e-01
-2.394716969114687899e+00 -2.428892242701616855e-01
-2.588927012069655031e+00 -2.146640436054051138e-01
2.289767605754077895e+00 -3.496615556313976692e-01
3.971062120404289519e+00 2.995081024110038959e-01
-2.875458825495826876e+00 -3.338843259263617191e-02
-2.748121442179184193e+00 -7.571600152370147607e-02
-2.859664376760500559e+00 -3.140529848574791921e-02
3.200714201980153106e+00 -1.062868352627472680e-02
3.272253527052111366e+00 6.402939963258812150e-02
-2.436247855362681403e+00 -2.454131670159121481e-01
-3.936479981312847709e+00 4.424771276113750318e-01
-2.830627845973701540e+00 -4.338104630985146343e-02
2.575662359985660288e+00 -2.577730565793038831e-01
-2.595124471988220716e+00 -1.658877654833288140e-01
-2.380918986568094198e+00 -2.425419188599720333e-01
3.237351613691039631e+00 2.412112243506567277e-02
2.808748648871269182e+00 -1.635634263935700494e-01
-2.293179280882671645e+00 -3.070514065926125968e-01
-3.144051132617387889e+00 5.529121580934551194e-02
-1.922347567073934060e+00 -4.589270963825595739e-01
-4.064599126167584231e+00 4.739673480103672731e-01
-3.134945643783135782e+00 1.008109360359105561e-01
-2.765183441035302003e+00 -9.019569447703766618e-02
-4.122107267285021415e+00 5.298356350388490066e-01
-2.979443931457816497e+00 1.471494287296514457e-02
2.335226784640933140e+00 -3.357258699337115071e-01
-3.981465228837238524e+00 4.371857101056131900e-01
3.085288224402239265e+00 -1.904774695901021928e-02
5.017538353219126890e+00 6.629111050308121866e-01
2.276977756710973466e+00 -3.573709712528412852e-01
-2.828350050773555058e+00 -3.202007122774724185e-02
-2.926065398308788090e+00 -7.446207839816908550e-03
-2.945802044343854842e+00 -1.903545131966752606e-03
3.323002639411205994e+00 5.705516330878841746e-02
2.676572350066088735e+00 -1.967295713317587236e-01
-4.402271466318941506e+00 6.316087278472796163e-01
2.531985577456560499e+00 -2.514686220994202248e-01
-4.237883936914029093e+00 5.322650055984428086e-01
-2.379888106188642549e+00 -2.671094545770908990e-01
-3.770253469048312933e+00 3.521694320564301983e-01
-3.579936265892485370e+00 2.718585112935351100e-01
-2.606067014154229255e+00 -1.690646942706634792e-01
3.157639284529103918e+00 3.067630107143104121e-02
-3.104970876067726149e+00 4.326009641801985967e-02
3.068377101676236673e+00 -2.847457943601554298e-02
3.453403761341152567e+00 1.337387055328372321e-01
-2.113755722161436257e+00 -4.003397287590643727e-01
-2.781469916602221204e+00 -8.498619299160008189e-02
-2.544271704599675221e+00 -2.003436367966296427e-01
-1.883893862990486223e+00 -5.050760586602055513e-01
5.061982002352479526e+00 7.343651394705347224e-01
3.059728022692514315e+00 -6.180733461592828604e-02
3.129879526770297016e+00 1.077896777349151777e-02
-2.831493276321087382e+00 -6.936558986984683872e-02
-2.635502250141863012e+00 -1.401587653332368177e-01
-2.797548712320650832e+00 -6.489414713797612977e-02
-3.595530753510670863e+00 2.542096153172125894e-01
2.780497080673721921e+00 -1.312382404723465845e-01
-2.267957594979174374e+00 -2.967928394035826423e-01
-2.722618718604868260e+00 -1.212999841662038003e-01
-2.403274062738065542e+00 -2.467988679892754722e-01
-2.093472036002009151e+00 -3.641764250758492971e-01
-2.309375869112056279e+00 -2.718136242070216535e-01
3.835718227748218911e+00 2.224558346958818433e-01
3.097126249801041453e+00 -4.483776485713756449e-02
2.980795705365659298e+00 -6.195434313811763738e-02
-2.876925550003047061e+00 -7.069188846372870261e-02
-2.984531828615464732e+00 2.505438436852581996e-02
3.762183481533107443e+00 1.713919625311720318e-01
-3.633047150257148417e+00 3.058427137840055154e-01
-2.513848015851086082e+00 -1.983011356041647910e-01
3.336719706720860490e+00 3.778992799905882272e-02
4.866994837706686283e+00 6.809930055554822559e-01
-2.534195442950454069e+00 -1.896327969949609393e-01
-3.245987928133717837e+00 1.197350128956096993e-01
2.871424817824512310e+00 -1.019939560398766820e-01
3.030423194805076381e+00 -4.023465998827829848e-02
2.835885794681674454e+00 -1.115339858848730520e-01
4.250857783179394112e+00 3.683607156413352124e-01
3.785542074228747556e+00 1.973497973879854983e-01
-2.637788706058054267e+00 -1.336080834137970963e-01
3.492069367773585675e+00 9.996827938992523810e-02
3.382136389187855308e+00 9.439106937680136200e-02
2.943458545022909156e+00 -9.285571617717387760e-02
-2.263524608850280284e+00 -3.342950101348184933e-01
3.688814025399149266e+00 2.640299421751845510e-01
3.431989901136651255e+00 1.162368823843949323e-01
2.717213829436759376e+00 -1.550285785299246877e-01
3.212697837571260706e+00 1.245227650487013525e-02
-3.432597928901179429e+00 2.247319451264711276e-01
-2.451032586652110989e+00 -2.421520699964271606e-01
1.953057806515728245e+00 -4.876217651012361154e-01
-2.994443808775986149e+00 1.277741772989601267e-02
-2.671791656270088300e+00 -1.382967680843401881e-01
-4.161345770676377676e+00 4.928742430344780767e-01
2.907712446543522233e+00 -7.348520242426644089e-02
3.846531382612057737e+00 2.270246567814161731e-01
4.121407080758801023e+00 3.774266828563064835e-01
2.967521973090463394e+00 -8.957261512103217860e-02
-2.809631851150333759e+00 -7.870852519312938889e-02
2.448987505181960067e+00 -2.613196482471042414e-01
-3.109692089503165668e+00 3.865283123850084268e-02
3.034063282663589156e+00 -4.290848022993411226e-02
2.692848647537940288e+00 -1.995986986198694246e-01
3.565936618816227366e+00 1.094613143553838930e-01
-3.623195342519462070e+00 2.736753083959040933e-01
3.773240725319424893e+00 2.416046962377280394e-01
3.220086812544181054e+00 8.346207994092665408e-03
3.088262330617467466e+00 -5.368631103010915867e-02
-3.376085992247485290e+00 1.623795279873009034e-01
-3.259715316072979707e+00 1.091303681118673263e-01
-2.527838774614052930e+00 -1.764342540505838275e-01
3.257313689777941779e+00 3.060406249257411476e-03
-3.899049547739280808e+00 4.113404972370839907e-01
2.774368317899467140e+00 -1.237268839256879388e-01
3.903982280830612606e+00 2.398638193748881542e-01
-3.197228726419377498e+00 1.166787149573738497e-01
-4.447100055147515718e+00 6.584851671862319566e-01
-2.984167697162712241e+00 -4.302992546508192274e-03
-2.382586026628622733e+00 -2.400766679877630594e-01
2.066264606843323026e+00 -4.439922213008348217e-01
-2.275998482711949489e+00 -2.760487857122029820e-01
-1.878338383666969813e+00 -4.836062245651156499e-01
-2.419123235900733970e+00 -2.451500646279402285e-01
-2.843418142449311237e+00 -4.058911760958250348e-02
4.311629917520239275e+00 4.533870988138752889e-01
-3.529439581332664666e+00 2.124064027542561517e-01
3.102229680821612323e+00 3.952369395126203305e-03
-2.084656379025910056e+00 -3.926455164190005842e-01
3.068364568516963597e+00 -6.616261265698077099e-02
-1.867512805161963385e+00 -4.728764727390483147e-01
2.508337430912473298e+00 -2.533830352065540858e-01
2.371694359694814125e+00 -3.122384304164298463e-01
-3.574019695915743533e+00 2.679651044690739559e-01
7.847612704487238133e+00 1.775431338088728106e+00
-2.601647397776560844e+00 -1.635754686876782216e-01
-2.163138409855415834e+00 -3.415280766304079618e-01
-4.098433681239359139e+00 4.699371999240201658e-01
-3.076177331157851746e+00 3.848086364093568357e-02
-3.149335802720931277e+00 7.502671372809449624e-02
-2.863040913807012977e+00 -6.897844752781233379e-02
-3.059706577247064185e+00 5.216619862721825346e-02
3.335235046932607972e+00 1.595611027786182287e-02
2.931221251011642437e+00 -5.344910184452626722e-02
-3.284280742772937245e+00 1.595450267722711146e-01
2.930667824833571800e+00 -9.671605431584985590e-02
3.498206157516895676e+00 9.145426243703415337e-02
-3.734907760148937328e+00 3.031087786774970261e-01
3.148945978845679949e+00 -9.802876291594425986e-03
3.777719219871570111e+00 2.337516961452509034e-01
2.716234610689754359e+00 -1.453516840619722417e-01
-3.153781299340985722e+00 6.572415534135046811e-02
-2.338896767282249822e+00 -2.719174486237644905e-01
3.416928494277354122e+00 1.085234178342903283e-01
-2.467420739058333368e+00 -2.009686904415640685e-01
2.641100057786995414e+00 -2.125159293683723805e-01
-4.497526385770666657e+00 6.411000438613257968e-01
-3.735933690031110643e+00 3.528784310220536291e-01
3.207027054441932368e+00 2.671148943544739141e-02
-4.004871481240956044e+00 4.405687178907167767e-01
-3.262888040526604527e+00 1.270879345789860670e-01
-3.177159525340494284e+00 8.919831434874794795e-02
-2.386276411475589221e+00 -2.556851426778985470e-01
2.100266729447180403e+00 -4.091318882249059818e-01
3.327970221669996675e+00 5.491255314056688042e-02
-2.548034124369773057e+00 -1.804878666579934343e-01
-2.380510069890740876e+00 -2.433747919423733530e-01
-1.762445685205769941e+00 -5.288654305438410530e-01
3.221580801233095315e+00 -1.939227980713682103e-03
2.999555309543562753e+00 -7.847552830107555610e-02
3.049364143997434606e+00 -5.527791392638268381e-02
-2.985250146390541648e+00 -3.490660531974994207e-02
2.624497006853905301e+00 -1.973009935979725682e-01
-2.572701833423502116e+00 -1.765015970556404468e-01
-2.365318556381966086e+00 -2.748394624846174361e-01
3.270497429130002853e+00 2.720725573190095614e-02
3.769517300112954494e+00 2.240439707369963618e-01
3.170455818661132685e+00 -7.902508601582409684e-03
-2.732991138971176515e+00 -9.828925670828767003e-02
-2.002224693930750643e+00 -4.081863918148291304e-01
3.124837331319002764e+00 -5.711374542736711440e-02
-3.263663953241989546e+00 1.408060302498381489e-01
-3.735421055290886194e+00 3.209004131542519955e-01
-2.214365105375335929e+00 -3.453064920669656757e-01
2.785921840478709388e+00 -1.394333495540087120e-01
-2.121399257131006966e+00 -3.622290197459051009e-01
2.669471610477377244e+00 -2.061263171093860869e-01
2.505094741489976684e+00 -2.716165725730874114e-01
-3.036944533257262879e+00 1.765486653798538233e-03
-3.600727963542241561e+00 2.801303693573877207e-01
-4.529912657004900645e+00 7.032293595162930622e-01
-2.987812265156163605e+00 1.415702739881824143e-02
-3.338979660197026966e+00 1.530096569218832858e-01
-2.127764658436532397e+00 -3.708602412993364239e-01
