-1.170972211855978218e+00 -1.387686661487955497e+00
-2.513458845443782952e+00 -8.025386524883630912e-01
-5.361217466071744653e+00 1.005790622597717565e+00
4.098084700026555005e+00 -3.566647699696912532e+00
-3.209567770573403589e+00 -3.790366383827776242e-01
-2.817958527735039631e+00 -3.178001015316253008e-01
-3.773363979627745834e+00 -7.234699640398938314e-01
6.803327463382784934e+00 -3.963820597659207579e+00
-4.935852372671937771e-01 1.384318601726826914e-01
-6.543919572482051805e+00 1.602093346779076777e+00
1.246868090279220187e+00 3.325286712459667005e+00
2.802876087680385431e-01 -2.267457731480829519e+00
-5.276783220833489274e+00 2.646355060327861275e-01
2.457770103371015313e+00 -5.083431086634242924e+00
-1.282087902683995306e+00 -2.019057806589231174e-01
2.547368640093664371e+00 -1.996853396027417737e+00
-2.016714091543622800e+00 -1.188281822899683204e+00
-1.827143346109798977e-02 -1.952166750377339222e+00
2.073810081304136688e+00 -7.723897413292507563e-01
3.151059023870403930e+00 4.269264450830691615e+00
6.868979449645731261e-01 -2.828952300571824452e+00
6.073409852483684368e+00 1.228412995667163443e+01
1.798643509833829368e+00 -1.774608659207849382e+00
1.909433534039319147e+00 -6.083655289197130722e-01
4.495918059682930235e+00 4.397669974017270889e+00
-5.768079346114950434e-01 -1.015920074491236252e-01
1.308179125833228262e+00 2.672371206211470618e+00
-5.198602764570082080e+00 -7.480401737202946322e-01
-3.982272966104929979e-01 -1.345299311316680679e+00
-4.732693787716342193e+00 2.007525438991662192e-01
3.505686379811235653e+00 -1.737778705336257223e+00
5.063602433867252728e+00 -3.796837449096097661e+00
-1.787985864756895804e+00 -1.772300265611030934e+00
4.215403097520627362e+00 -1.914302632313205965e+00
-4.568008888139692303e+00 1.469976100270216524e+00
3.430239850195845985e+00 -4.472909064969008419e+00
-4.211219223685092050e-01 -2.054431314593141086e-02
-1.795074089628189373e+00 1.366142581242711374e-01
-7.631320929219395088e-01 1.324889544604334279e+00
5.044787202346867616e+00 2.082265370864897491e+00
-4.179550027947836810e+00 -2.148768801318565735e-01
8.088116343691458265e-01 -6.259798568282665121e-01
-6.820799495474541008e-01 9.266679075582943126e-01
-2.161590129306442787e+00 -1.319946213639366484e+00
2.280319534516181523e+00 -3.320664350329285419e+00
-1.565473605250486289e+00 1.552408739154583994e+00
1.966356438885414448e+00 -5.077355678153510077e+00
-1.998344956464430666e+00 -3.220955079595705373e-01
3.381333996155297505e+00 -5.248338766605438188e+00
-9.868261931149041599e-01 -2.261535116846113525e+00
6.129247750670225869e+00 -9.016991753908429885e+00
9.489543257505518303e-01 -1.885243187933372422e+00
1.437578449601437436e+00 -3.144224673494105282e+00
-1.000180491187722120e+00 -1.463117858116196546e+00
3.143322020327333988e+00 9.134638916963055522e+00
-2.588078168199103857e+00 7.159171231807155700e-02
-6.016075316922547822e-01 -3.387261025841226125e-01
8.244256368363288290e-02 1.789674987179154242e-01
-7.571692672077300346e-01 -1.300444210924895927e+00
-3.720150075618315455e+00 8.110141405990060892e-02
-5.702611274824282539e+00 2.773781879540964113e+00
-2.550892867554176657e+00 -2.608386567542733570e+00
7.566118470634765281e+00 -7.769059996701060955e-02
-5.111138191173011158e+00 -3.063267424955130602e-01
4.686441802722562500e+00 -4.971093308811082245e+00
6.143787268471166740e+00 -1.541087590493411597e+00
-4.718247031980816075e+00 -1.462698739573225493e-01
2.230252188977736694e+00 1.285613210093948133e+00
7.952371681567355077e-02 -2.971998497870804723e-01
-2.244675460724842697e+00 9.785829884891020569e+00
4.016623280500136950e+00 2.234227452421686078e+00
-1.000980612648972201e+00 -9.366107554202804941e-01
-3.835408911373976437e+00 -6.409225415803273540e-01
-2.745979172205788466e+00 -2.187447366019252382e+00
8.742773806035135653e-01 -6.501227234682084299e-01
-3.583681388860372685e+00 -1.015106770602194564e+00
-3.190662537273060817e+00 -9.387495448889872363e-02
3.845986145342016993e+00 -2.305476321515221194e+00
2.994630303147476802e+00 -1.222809321400035287e+00
2.496139237148131129e-01 -2.226280199022720563e+00
-5.857125058925332500e-02 -2.914684479801025851e+00
6.012852019779514556e+00 1.329660546411832067e+00
5.168422952450749008e+00 5.906947225350407393e+00
-3.000427097402013743e+00 8.884250679016023611e-01
-2.557114532877238666e+00 -3.845936310136909841e-01
-2.516131887457093264e+00 1.682311593410745987e+00
4.036305244454981178e+00 1.363210074867468924e+00
-1.393054207030648417e+00 -1.528982620298380279e+00
-2.312736148798384406e+00 -6.813313608525281007e-01
-6.261218923908289824e+00 1.317016078440257143e+00
1.200432723078999508e+01 3.167779993437431330e+00
1.101623653666557345e+00 2.036953902509385017e+00
-3.438369153045496063e+00 -2.722326801589244893e-01
1.415827008970146794e+00 -1.531417555842359945e+00
-3.734609637057477727e+00 -4.014353844193970233e-01
9.012855609528175327e-01 -1.244042969533217136e+00
3.190587728169334558e-01 -2.051768306190831392e+00
-3.236138147914843444e+00 2.307851175452705572e+00
-3.588165878163072087e+00 -5.332287387524676792e-01
-3.008307527221174560e+00 -1.716729228670878515e-01
-4.101271134125350493e+00 1.159502802156156115e-01
-4.749755525093905639e+00 -6.122193174398943283e-01
7.272719314665859081e+00 2.130722478059090541e+00
-6.657959539104120195e-01 1.888057637472834865e-02
-3.286218957943280117e+00 2.093007391869397882e+00
1.451678688359407410e+01 1.259818825809321829e+01
-5.144546693892433353e+00 -4.975899801190321048e-01
-6.626210392304695773e+00 1.300144788344901992e+00
8.445095454821028857e-01 -2.577333761711585680e+00
-3.818422099116668633e+00 -5.030932487337832493e-01
4.092163983181758447e+00 1.317497452991972517e+00
6.818980678585338850e+00 -7.621592611024579078e-01
-2.855350096230977464e+00 3.121537125260575030e-01
1.188228524891618454e+00 -1.821007113340012529e+00
9.844220467440629729e-01 3.265174454110587043e-01
2.774708772096796672e+00 2.123681938902611588e+00
-4.469833067843845598e+00 -3.393530254776974120e-01
8.046040239432139529e+00 3.938444662233951954e-01
-3.493578081136664570e-01 -1.081520442361072698e+00
4.365884543819154029e-01 -3.025535528727092971e-01
-3.277875670372095485e+00 8.676659954397331065e-01
-4.065418211513653901e+00 3.287538591307104241e-01
-2.063924011792536373e+00 -1.685076298205582468e+00
5.069272113075249386e+00 6.196586140196793657e+00
9.039443907720531968e+00 3.105985097189758903e+00
-2.152767039420931727e+00 -2.724376929748338269e-02
4.078694235665843770e+00 -6.964882269869637099e+00
-5.429632976223727425e+00 6.445408631918201792e+00
-2.168309010292687855e+00 -6.905162859710908818e-02
8.114340398336310045e+00 4.597496646499139139e+00
4.070869481664420420e+00 -6.144121971642198865e+00
3.939828407912624453e+00 -4.994433687394861821e+00
-6.263287088096585187e+00 1.057289500881024802e+00
-1.423179416023957033e+00 -1.920458454832691286e+00
1.030709874561874656e-01 -1.490173970922843871e+00
-5.130339240430882297e-01 -3.413761684286622522e+00
2.970467995388863525e+00 1.210137156857759716e-01
-3.564010849002863690e+00 8.218020993069529156e-01
1.489693505724596911e-01 -1.693954732430553500e+00
-5.561264970331753155e+00 1.805440045098613000e+00
-4.663129386234409424e+00 3.917341547913116617e+00
6.469567900220132284e-01 -2.431446047338247762e+00
1.456398134618067219e+00 -5.809027492180173224e-01
-2.409027327787324424e+00 2.394304837515927264e+00
1.925271611388739590e+00 2.415592098910186447e+00
1.829751592990182640e+00 -3.005575945410083438e+00
1.311800554443557809e+00 1.864315779451253929e+00
6.262745430464979890e+00 -3.399034834693116736e+00
3.738347642163450946e+00 -5.015212594936009793e+00
5.492965354247398402e+00 -1.115977264805904312e+00
-4.781038635380239654e+00 1.864748778772793658e+00
-4.246195627154598640e+00 -1.567446050009217717e-01
1.353411845854120887e+00 -2.289622697820210995e+00
-4.548886625436465714e+00 4.036726223167458549e+00
-8.823586739255021016e-02 -2.146590068710362509e+00
1.828838939605438085e+00 7.168249007312230248e+00
-1.925131483397916732e+00 9.741998933125035898e-02
5.649581512650470039e+00 6.700570065294934707e+00
5.747841683803212476e+00 -5.669504620232308056e+00
9.957580683375728547e-01 -1.059704147217439330e+00
1.819736601155866218e+00 -2.469613342063869510e+00
1.490564049514292444e+00 5.504577923378724869e+00
-3.572397272712190208e+00 4.219003634062408747e-01
-1.201619006804675927e+00 7.902183451742205156e-01
3.966314520697375445e-01 8.307282901012404963e+00
-2.825838673714099247e+00 4.810869298676522909e+00
-1.600662566168099099e+00 -7.109289337086118765e-01
3.133018128759106902e-01 -2.426886304512088088e+00
-2.384262165443110870e+00 3.929233215399801082e-01
6.546822450257907544e-01 -2.046362489172697252e+00
2.254333353097749626e+00 -2.613480349989974805e+00
-3.032086726974929647e+00 7.595604278663026232e-01
-1.101179364048848058e-01 -1.602319780173833808e+00
-1.270838895908159127e+00 6.453976129396563621e-01
5.564480474205527827e+00 -3.228649684133793496e+00
-2.224152845637398901e+00 -1.326148851839580589e-01
-3.757969993506265816e+00 -3.342161769382124836e-01
-1.627818275667598513e+00 -4.321204429941097325e-01
-9.532669389586099218e-01 1.070413395734614914e+00
2.881433934336053326e+00 -1.790509336328852397e-01
-5.184306542911538696e-01 -6.968126711713859001e-01
2.711552572013887774e-01 -7.779887852966954620e-01
3.753810164575269948e+00 -3.392102240924528278e+00
1.414412963897204456e+01 5.029666183801223767e+00
1.604904750110651923e+00 -2.777376984652510039e+00
-6.508581268904464423e+00 1.492029468280437143e+00
3.893916008852687849e+00 1.370856750317107631e+00
-5.999096830985783946e+00 3.056782197545241608e+00
-5.531601534526825681e+00 -2.973693865339411269e-01
2.472469980162680603e+00 -1.834100926830561917e-01
-4.080753217931456511e+00 3.422233879077487551e+00
-6.043439365550975495e+00 3.626372540429205482e-02
3.515640128195355318e-01 -2.973919248881216615e-01
-4.325015023021712146e-01 -2.108864079232745770e+00
7.576823443459121066e+00 5.664714781112904163e+00
-9.438533775293287409e-01 -2.205689012315052155e-01
-2.196005982178301785e-01 -1.791354175528076187e+00
1.235815319771893073e+01 -4.316677485872865705e-01
-8.366448497175613674e-01 -1.740724775242969979e+00
1.624052334915095486e+00 1.580445046795157182e+00
7.868896657506645187e-02 -4.444452104049042562e-01
-2.106130432093145100e+00 7.858634977312451753e+00
-2.509593627773964553e+00 -6.481743856843940055e-01
-2.574812294595118622e+00 -1.073160719413791542e+00
3.351355847863457971e+00 -3.869228331486716521e-01
2.480315107361306559e+00 1.381210463152580947e-01
2.006159510993754946e-01 5.531394871723762208e+00
4.636334237110275147e+00 8.958868917105082375e+00
-4.310502124491634390e+00 -4.764001353676118322e-01
1.319269912594905003e+00 -3.372413457812007742e+00
2.533400531813358558e+00 2.313699727086995672e+00
-4.163118622350769904e+00 3.587510731934291819e+00
1.108701071630392887e+00 -1.288311753800430726e+00
-3.721886106538336403e+00 -5.785210939021230292e-01
-2.642040651598524192e+00 -2.009821883007583132e+00
4.257325514376774755e+00 2.264565271471136398e+00
1.353565479175402153e+00 -2.901065777807332879e-01
1.798450683027990715e+00 2.288670252256844506e+00
-7.114570155633018755e-01 -2.284916419909832186e+00
-4.062328852453298111e+00 6.652890254720722485e-01
-4.582565642985344745e+00 8.464345612921891915e-01
-5.865544001901383808e-01 -9.080702979491693805e-01
-2.131767032764713576e+00 2.099723481383176882e+00
2.577087959433641107e+00 -9.899302333020614242e-01
-6.602247457378237705e+00 3.162296861059869624e+00
3.742847311680858269e+00 3.790778405576994192e+00
-4.213026614593447405e+00 1.297529835673365994e+00
-2.172226082233472244e+00 -1.291260281307905045e+00
1.027612971360773031e+01 7.342927924050007604e+00
-2.621298961911754932e-01 -1.972898044060005240e+00
-3.057268091481017525e+00 8.949097516985837775e-01
-2.339957108788728313e+00 5.032599177257889522e+00
-3.980923645357631546e+00 3.393591093598931629e-01
2.106209035194257062e+00 -5.159588819554223882e-01
5.604074254731999716e+00 -2.515143102825306620e+00
1.104981167926114871e+01 -7.106641495572592504e+00
-5.251127467206941901e-01 3.262432062879814687e+00
-1.529875719249723209e+00 -9.796659721253476727e-01
-1.430592434897594856e-01 1.007673941884644542e+00
-5.904224514368419663e-02 -8.365576809810799652e-01
7.491881946857494867e+00 -6.832542775724343542e+00
3.824304828304997406e-01 -3.029244862261469606e+00
-5.568924603039071553e-01 -1.374243757437310642e-01
2.307106370498793080e+00 3.675786090094597558e+00
-8.260372197391258053e-02 -9.357688135609069091e-01
-2.160147444389976246e-01 -2.142816171045219154e+00
1.419309778995084370e+00 -3.105583253811303734e+00
-3.822142528647805015e+00 -1.456343050977220166e+00
1.627285873216514522e+00 -3.691773234765351130e+00
-1.683084717298498179e+00 -1.978576259751392508e+00
-3.047704783912319471e+00 1.300364457527182660e+00
5.902944643748139875e+00 4.917730880091207624e+00
1.124876485125460679e+00 -2.983122757595632280e+00
2.101033857392862636e+00 2.512881507250434687e+00
-1.177979682810419870e+00 -1.335630337202929452e+00
3.877765832979438443e+00 -2.600300572081842176e+00
-4.155873668026349499e+00 3.934027294226746907e+00
-2.623287925642871166e+00 -1.276320774228386190e+00
-6.576496602915240075e+00 9.819990965034558483e-01
-5.286724385517946878e+00 2.226533822958794151e-01
-2.605925871719413589e+00 -7.431655384899568118e-01
2.534229460894938502e+00 4.307808421615709094e+00
-3.065899161753649071e+00 -6.020767937397830671e-01
-5.755953831557164557e-01 -2.652341439359295339e-01
-5.880333261005020518e+00 5.468491978098933837e-01
-6.536644069932520118e+00 1.079002857469802540e-01
-4.323170847924874827e-01 1.267818648084595878e+00
2.380235593188853915e+00 9.406899899193486014e-01
-1.599676905600122989e+00 -1.312158587773440299e+00
4.585578043282046335e-04 -1.855841355478641708e+00
-1.644184959488094178e+00 4.730461889432676870e+00
1.127425314609393769e+00 -1.326293806181803925e+00
-5.932174643627898813e-01 -2.888032269743533664e+00
-4.924349014209854047e+00 5.638151973154730268e-01
-7.154549592700693239e+00 6.021444494789582880e-01
2.063687311212383690e+00 -7.115932810136249564e-01
5.239154439922984352e+00 -1.977932229435463984e+00
6.392348549631542198e+00 -2.908088256853428977e+00
8.204257888435712021e-01 -2.716982592742280378e+00
-4.881027968491830293e+00 2.979855925677248329e-01
5.674676649374680082e+00 -5.387303055561559084e+00
-3.849281769747717075e+00 4.495857031867749320e+00
9.004332665119745727e+00 8.243537814261064911e-01
-1.079565485409748615e-01 -2.018026070131823335e+00
-1.264759042015487722e+00 -5.981985059818049066e-01
-3.267881252610981502e+00 1.294243629433235787e+00
-3.028954820568122930e+00 -1.086566730197042974e+00
3.204154609480874605e+00 -6.140423920954275749e-02
-2.045083472081883347e+00 1.586244452642236180e-01
-5.852225074255270609e-01 3.322038238674272392e+00
8.016955696847194446e-01 -8.398870951183898814e-01
-2.970903731582558382e+00 4.765942356184798556e-01
-2.452419606741404579e+00 -4.716692767726114038e-02
-2.496163489954656978e+00 -7.061515696520833663e-01
-7.072510530613124402e+00 1.289932291238290896e+00
-3.066580016864556946e+00 3.254809165272589677e+00
1.042958610755073900e+00 -5.256996603106623978e-01
5.331281619386024850e+00 1.600627598256147310e+00
7.323633598204543071e-01 -4.911681717451358842e-01
2.655380716070150804e+00 -3.061837260869896049e+00
-2.410222515861109471e+00 -3.739229415238096710e-01
7.731376504997340859e+00 1.049019879002391598e+01
-3.642664551441904486e+00 1.415242787991359830e+00
-4.342201071865574025e-01 1.302727506862483065e+00
5.238848750826181622e-01 -3.027206367185276026e+00
4.279665782058803103e+00 -3.531959915029293295e+00
-7.870500479211838263e-01 -1.314041228004263040e+00
5.596926474373741911e+00 -4.794341865362108379e+00
1.901427987979349865e+00 1.818852984571095011e+00
1.612740312557943811e+00 -2.084019195351546117e+00
-8.378174617065401453e-01 -5.871279634452283291e-01
1.247382088702920111e+00 -1.805591115649806788e+00
-1.294644460735494329e+00 -9.165891823671249439e-01
-5.138211133858276991e-01 6.914712138642389316e-01
-2.899034700319774061e+00 -1.709171594324810473e+00
-1.538783121446979374e+00 -6.099585888529359679e-01
-6.412563462233595857e-01 -2.369387480170745963e+00
-5.067760693527982419e+00 3.637105689457234003e-01
-3.825503062629159068e+00 -1.772289785484057745e-01
-3.488175084203768872e+00 1.572806821185687820e+00
-4.760574679437739931e+00 3.061700406124382656e+00
4.547388585963489938e+00 2.014376629689448028e-01
-1.312488236526994312e+00 -8.487615619359216712e-01
-1.647544324974864471e+00 -1.721282954742226146e+00
-6.857493411232648550e-02 -1.151126580971784330e+00
-3.594084409546676184e+00 -1.598992928336924413e+00
-6.019512824652999416e-01 -1.183973688073580499e+00
4.623141298002018118e+00 -2.050955592633809388e-01
2.410070578365222094e+00 -2.066139604721437983e+00
-3.273322528495079098e+00 -6.232209924286387093e-01
5.877750140095169051e+00 4.074595554727053148e+00
-7.845475345751722340e-01 6.135192825881354839e-01
1.241761705994553155e+00 2.604372009907593100e+00
-4.720165703900026655e-01 -1.232600412783513288e+00
4.438052140204927776e-01 -1.245562732131338057e+00
1.118000714246757177e+01 -4.608385754399416112e-01
-1.813826143883079167e+00 -7.819727110851725227e-01
5.371803630042022437e-01 -2.064162875682650444e+00
-4.579036642932035939e+00 -1.092438620454564413e+00
-1.333126048819075926e+00 -2.083275495483725592e+00
-2.389504613927816656e+00 1.736569210816672815e+00
3.003803332991247022e+00 -8.527341561489234500e-01
-1.406792248614229912e+00 7.867989376489989972e-01
-4.643044222059888426e+00 1.275213312734500670e+00
-3.979935110820541855e+00 -1.511543574377926413e+00
3.225851622446503253e+00 -2.828537402666450262e+00
-2.192188904620064882e+00 -7.458785190849702706e-01
-2.994911477683408929e+00 -6.598955892499163145e-01
1.852291505461063137e+00 7.320737300826083427e+00
5.392368801345053253e-01 4.401835087046559458e+00
-3.914619052555945888e+00 4.282042938022545542e-01
-1.740833499813625895e+00 -1.742760699419199089e-01
-3.155351411016956042e+00 9.876862725479242100e-02
4.656950253236144532e-01 -2.066965628608123051e+00
-3.020488854014712565e+00 -1.822797003571228758e-01
7.122060947539934794e+00 -3.239019064800872538e+00
-2.846541563516788997e+00 -6.124446912376992069e-02
2.888513226490907027e+00 -1.636966219676583512e+00
1.084557713834815651e+01 3.662443700323446905e+00
-7.109940654998930576e+00 7.838102628045140463e-01
1.406981616387230627e+00 5.273989401675425626e+00
1.971027546188483193e+00 -3.061371231873648124e+00
-2.272755413587121964e+00 -1.238812670842737829e+00
5.832265408467654844e+00 1.471760757888687321e+00
4.066369085483563239e+00 1.823771585530624462e+00
-1.595867443392144647e-01 -2.281831758611247096e+00
1.073159662955585070e+00 -2.404726092589291930e+00
-1.348534093914782295e+00 -3.551562733828355634e-01
2.470067361987785759e+00 1.376101227454932463e+00
-1.350287591622360894e+00 -1.828592066847920083e+00
-5.787378096904366442e-01 3.237682640976510484e+00
-2.543942682832270208e+00 3.555621334168153624e-01
-1.386731578610382876e+00 -1.450714627646889632e+00
2.899706971271865275e+00 -4.694797114390318882e-01
1.741994746178662012e+00 2.202919490229874114e-02
-4.701817661479904542e-01 -1.222187025360326862e+00
-1.893999693650458616e+00 -5.574094833894599477e-01
-3.169258850623577040e+00 -1.154618122293095794e+00
-2.693158189604941466e+00 -1.198590153797210567e+00
-2.196758885109710846e+00 -8.186430636971213648e-01
-2.641750608181221871e+00 -1.907719188286348122e-01
6.113660003768572881e-01 -2.343275882303148094e+00
