3.190999384610485601e-01 3.190557457000132491e+00
2.474253370969618226e-01 2.944608275278082665e+00
-3.108268822488511773e+00 -1.000140597318698976e+00
1.712217155116642076e-01 2.615146938204035987e+00
-1.708161751750038260e+00 -5.277003915732786377e-01
-6.543545687226171026e-01 -9.540317678080842412e-02
3.554988011531385439e+00 -1.253970619612032156e+00
2.299668331390818457e-02 1.351561004271087940e+00
-1.114272156111397516e+00 -1.321013756650428972e+00
-1.143502223173600507e+00 -1.131386743796733318e+00
1.450467630108262407e+00 3.974573898574457420e+00
-1.848387070571220869e+00 -1.569347853929477177e+00
-6.333962239977123376e-01 -9.307806204351738721e-02
5.190179785708041393e+00 -2.731459499310943118e-01
-1.325931599490687285e+00 -9.909180027870280461e-02
-2.328840200265584470e-01 6.438281613581155194e-02
-1.122854225533178374e+00 -1.385533055043980166e+00
2.763547743822155067e-01 2.860308994669744198e+00
-5.015173200545369747e-01 -8.603457025111702072e-02
-1.118744334222562475e+00 -1.217205838587504196e+00
-1.825682900343536808e-01 -2.144670946749557272e-01
3.486410695323044262e+00 -1.861952152646976222e+00
-6.799264496741537211e-01 -1.006188608556058822e-01
-9.904568577870220825e-01 -1.187068314439571282e+00
2.551375391682575988e-01 2.513108992511340123e+00
-5.537684073156953213e-01 -8.995068469097587671e-02
-1.461371026470956069e+00 -1.115504932696514961e+00
1.278660557313191060e+00 4.261574334029010203e+00
3.193822405103150075e+00 -2.278548464507359483e+00
1.015261720081168439e+00 2.490908552225324257e+00
-5.468898454056351222e-01 -8.346253005696641081e-02
-4.740262013993287726e-01 -8.932671792041156633e-02
2.484201767819478601e-01 3.368714215571023907e+00
-1.032044778267904750e+00 -1.236222843591422427e+00
-5.650793969275372808e-01 -9.643931717551089411e-02
3.398183732211502162e-01 3.019523796699419727e+00
-3.672157917826984197e-01 -5.583249018695635862e-02
-4.337805521201715253e-01 2.071885682841929921e-01
-8.939102091238786130e-02 4.067108433545183477e-01
6.269471895832787189e-02 1.942542698521947386e+00
1.360397481241445217e+00 2.279318181864199711e-01
7.391662045629312505e-01 3.685160628121467052e+00
-1.030863033474318735e+00 -1.332704797805751129e+00
-3.312336912532436450e+00 -1.913765749231919333e+00
-4.198442671039056551e-01 -8.120628131529403215e-02
-2.158341428149667340e+00 -6.505935918924056205e-01
-8.723538070511277498e-01 -1.006167536940946849e+00
4.024313845960191260e-01 3.238126927730474058e+00
-1.458808223742948273e+00 -1.756089682297248267e+00
7.201521616054870734e+00 -2.026531616336660235e+00
-4.621381272951590735e-01 -1.083090429175253139e-01
-1.727176259682651649e+00 -6.321993471538671638e-01
-9.714848631578609783e-02 2.597827291536979999e+00
2.283484526172226414e-01 2.707237577627506830e+00
1.107887477389556535e-01 -1.610996228329050206e+00
1.991504243418751874e-01 2.004585278437172047e+00
1.482195355202482190e-01 2.278492938977530802e+00
-1.745829291075080558e+00 -1.803640616476439806e+00
-4.587291931004358059e-01 -7.508509451797983070e-02
2.071761370559672688e+00 -3.378123130426363141e-01
-7.549842270302701275e-01 -1.056504376767712472e+00
-6.899655919579579244e-01 -7.519165281949518054e-01
-3.295356614703045528e-01 1.486107029296142690e+00
-4.692807802270216322e-01 -7.833411377561258493e-02
2.982188847148311783e+00 -7.533936963524254793e-01
-9.081490955407589549e-01 -1.063541683996676257e+00
-1.733065458645915546e+00 -1.944076118807562370e+00
-4.664016067360809426e-01 -1.143898999179562143e-01
-2.111604697321043389e+00 -7.456840658310261993e-01
2.482038973912217283e+00 -2.009080822146619649e+00
-9.318868452655441059e-01 -1.094199393340431481e+00
-6.281282480829264436e-01 -1.032887804930800457e-01
-8.648242627241933267e-01 -1.013608776729495453e+00
4.895393799593670825e-01 4.288691503186798037e+00
2.133179210202687803e-01 3.706998683916521209e+00
3.264429051681273508e-01 3.300832855641414820e+00
-5.473292927069686176e-01 -3.708949048309843621e-01
-5.903536712023342847e-01 -9.107146646513614163e-02
4.498602797103559703e-01 4.435280017686509701e+00
-1.585319558139910989e-01 5.126351551334318302e-01
-2.995536029250307486e-01 1.473894030884276951e+00
-6.082659695864637284e-01 -9.267658312739497639e-02
-1.105429273630150533e+00 -1.296871058571876123e+00
-4.494257419541113352e-01 -1.258695165199320565e-01
-8.934075632932891864e-01 -1.019297798902442098e+00
-1.078387852617766374e+00 -1.290846460730420420e+00
-5.823476643523265439e-01 -9.151768495259240965e-02
-5.645156812632522447e-01 -9.384717437828564435e-02
-1.607852927979547708e+00 -5.215072643728514423e-01
-5.783413369384367009e-01 -1.542800882751508562e-01
-9.200729524869595555e-02 2.932325375042714288e+00
2.606271461166607128e+00 -1.280501304416784558e+00
-3.468262009331452012e-01 1.207692553374681843e+00
3.752234259902663016e+00 -1.643933384927579677e+00
-1.713092540267931341e+00 -5.571360823231759074e-01
-5.473964466479336322e-01 -1.072588272868312542e-01
-5.191233968227680906e-01 -1.268690263367155679e-01
1.101426920186212133e+00 -8.627058872612158869e-01
-1.257892865858164955e+00 -1.038066411106055575e+00
-9.917898404195494289e-01 -1.205901369173872695e+00
-1.000382051026080132e+00 -1.193985070444491203e+00
-2.491466639219988011e-01 1.775042527244078405e+00
-5.785145707753384103e-01 -7.768070044351782499e-02
3.066538265899191984e+00 -1.543937752788572260e+00
4.645674169583286606e+00 8.400476631923739501e-03
-1.059084532676386914e+00 -8.307369243032485251e-01
-1.164504993994474269e+00 -1.426047320235766858e+00
-8.873053849208825117e-01 -4.194292501789322336e-01
3.304376704816142318e+00 -2.100898913175429428e+00
-6.187053225117294941e-01 -8.678996946784163502e-02
3.793186242691022336e-01 2.513869059924952687e+00
-1.652925308419965100e+00 -5.476515942801258863e-01
-3.755160074045597596e-01 2.708141394450148676e-01
-1.396640833938012971e+00 -9.649624984132565420e-01
-5.748175126674287538e-01 -1.498348898139383045e-01
-1.769668403119888378e+00 -3.466420879159547996e-01
-3.522498593198453154e-01 -6.913227948438978310e-02
2.641950748250281755e+00 2.231414906257563224e+00
-9.063213491881019768e-02 1.443087061592930986e+00
-2.794244340154165229e+00 -9.669327476027429480e-01
-1.262241323762397678e-02 2.763137030087578605e+00
2.336209362101048903e+00 -1.693019601163343824e+00
-6.486588837260816032e-01 7.691552294153122587e-04
3.566284187000275385e-01 3.367645714254631439e+00
3.840229318535365088e+00 -2.879714688622438956e+00
-4.722328170975502171e-01 -4.502912980225919765e-02
-3.158229710401683654e+00 -1.711960797514517907e+00
-2.941000211098005135e+00 -9.819417181438298003e-01
-5.777996401860124864e-01 -9.277513497542153043e-02
2.527678572167377347e+00 1.584809582547297868e+00
-4.571012956783909176e-01 -3.097474426413439619e-01
9.131316978232991710e-01 3.819659359171488244e+00
-5.619218244041866983e-01 -5.911506658035141637e-01
3.994168862284122046e+00 -2.094099055080157701e+00
-1.911163469350479094e+00 -6.842705245127198577e-01
4.615667911508047339e-01 4.484606624391535235e+00
-5.528650224700822902e-01 -8.827219131367484983e-02
-7.087320138996312524e-01 -2.123688726378049688e-02
-1.054968438377065665e+00 -1.031985503237614843e+00
-2.098799104101368052e+00 -7.305128451853805105e-01
-5.022114118049257891e-01 -7.134133045582141675e-02
-9.385879310483775662e-01 -9.977514922336195857e-01
-4.451526594423774186e-01 -1.395350728341257229e-01
-4.881825997024045738e-01 -8.274632053248054397e-02
2.513808771257624586e-01 4.502719424285159810e+00
3.038988896161138875e-01 3.787413283753595206e+00
-5.801221084474366130e-01 -3.889302156938380106e-01
-6.648872401070911042e-01 -9.203884549865176679e-02
-1.772201825977382628e+00 -6.234734162269844893e-01
3.656149494549316259e+00 -2.326558890701546201e+00
2.113585216026665048e+00 1.303020433112092036e+00
-1.299326805675607321e+00 -1.534397691151430099e+00
-1.547894182063254409e-01 2.215023405180022831e+00
4.998873652905555076e+00 -2.525592451585445986e+00
8.902647972191336523e-01 3.658019824471818282e+00
2.605357424959826584e+00 -1.554094179162085698e+00
4.489736095473856992e+00 -3.513290972473848139e-01
-4.584443945625896188e-01 -7.510918615315355373e-02
-7.813255328949044731e-01 -9.141975198130001257e-01
9.023927479728389989e-02 1.520455102247814549e+00
-3.667030660483335258e-01 -6.318783623859013099e-02
3.981359135432970486e+00 -2.103580473940660500e+00
-1.232110496647450745e-02 2.561771025239113264e+00
3.762223353121090241e+00 -1.978303944772717760e+00
2.104126633688733428e+00 3.042688475676549320e+00
-7.333828324637873264e-01 -1.156917597116204760e-01
1.682255778254264422e+00 3.942582663606437166e+00
-9.565057589642329550e-01 -3.147517137015084510e-01
1.829983801218270312e+00 4.839503350084822797e-01
2.494873129279724377e+00 -1.478613944935940561e+00
-7.948479692056663604e-01 2.002650336329805658e-01
1.679519806981971231e+00 1.989594910533590277e-01
-9.697570573858335097e-01 -1.144695286481419938e+00
1.894186649789923571e+00 3.081364392107842409e+00
-7.571568314665378940e-01 -8.628355828830280849e-01
-3.970641643881412941e-01 -8.676875801432298863e-02
1.874416173608576486e+00 -2.439509339326891180e+00
-6.975890373602355865e-01 -7.698878950152722167e-01
1.192744240300352837e-01 2.067844567616020868e+00
3.473730351903204561e+00 3.452200902559121598e-01
1.606571827771543726e+00 -2.109434790797417136e+00
-5.238238341504956042e-01 -5.343596938582079181e-01
2.622623068905564625e-01 2.488167251272782377e+00
-4.311550976259607287e-02 6.430854277784741058e-01
1.279838301212387508e+00 -1.256399956349994351e+00
1.084925433355848234e+00 2.510900751862914948e+00
2.220497583068957059e+00 4.965759150136943134e+00
-6.512157879762711099e-01 -5.193393390120665254e-02
-1.098095811106458708e+00 -1.343588060478076995e+00
-7.301824034768604754e-01 -8.361193766849469577e-01
-5.382609881748446901e-01 -1.173043421210450965e-01
-3.094103992056686181e+00 -9.528404221418900200e-01
-5.602220523830652166e-01 -1.505370114396147041e-01
-8.520486556542494760e-01 -9.988582910236081247e-01
-9.752191876185878350e-01 -1.167102545147550963e+00
-8.860413379159318703e-01 -9.654684795742545234e-01
-5.494545828146225608e-01 -9.333232928763625369e-02
-2.238439145892915150e+00 -7.005515318749613307e-01
-6.782618128788911460e-02 1.907114675999629805e+00
3.894121144216149411e+00 -1.471087696186613059e+00
-8.062378937706052850e-01 -8.538050083132714407e-01
4.814005097772159125e+00 -2.186054618619296619e+00
-2.477824067328675106e+00 -8.443635121375685504e-01
-5.430536194757689117e-01 -8.450108011362210403e-02
-1.818698985543903690e-01 -2.192874050937630770e+00
-1.347383448443296050e+00 -1.621703324940632074e+00
-9.237628327042803900e-01 -1.083386815267236347e+00
2.185487771851553962e+00 -1.677626866472993195e+00
-3.314920816655817504e+00 -1.064865219180382017e+00
-2.922042010347638108e+00 -9.269525195541011842e-01
-2.057253722898610970e+00 -6.732062372472092937e-01
-7.388523397188092590e-01 -1.102241720201079939e-01
2.943738810080807955e+00 -1.952768659584440458e+00
-7.447395618542586027e-01 -1.276314224922433793e-01
5.763602036125405448e+00 -2.448596757262756718e+00
-1.070496143588245852e+00 -1.272443666184464028e+00
2.023668811671615331e-01 2.489048289311323714e+00
7.268048300407610185e+00 -3.559913933702654631e+00
-1.095348760935361820e+00 -1.023352695828585901e+00
-5.848970925118771036e-02 2.635219063109159432e+00
1.655449130188133833e-01 2.664281994311335389e+00
-2.157691254487088983e+00 -7.514242306212340905e-01
2.959388459761620460e-01 2.258594789518301393e+00
-1.887137759441495755e+00 -6.099583540057836872e-01
-3.595810816975157476e+00 -1.525826155722759703e+00
-9.713123987763179201e-01 -2.617703268961640295e-01
9.975066591609820232e-01 1.723323296538755711e+00
4.881363129846413962e+00 -2.370262757502388240e+00
5.828833911363635600e+00 -2.293883515239856674e+00
-1.379580337090532849e+00 -4.593078366272940749e-01
-1.763603351775581585e+00 -5.573302867163366647e-01
-1.273118100120402829e-01 -8.684951778380607390e-01
3.274206164956156018e-01 3.031018226091578338e+00
3.897594234344821107e+00 -2.131191904359319267e+00
2.802708792894874179e+00 -9.745539665636165916e-01
4.212591039285405459e-01 3.055986143955785383e+00
-4.936495126819546164e-01 -4.622998318013177288e-01
-9.428665221414844755e-01 -1.102674024035978917e+00
-4.066563858656419561e-01 -5.607582535680915442e-02
6.877231461810331403e-01 5.099362997330613823e+00
5.021217058281679524e-02 1.894011772853114284e+00
9.220144062622779302e-01 -3.966296031491393315e+00
8.600320328440039797e-01 3.296915816837652446e+00
-2.864644301610794752e+00 -9.755472884592776284e-01
4.991744702783263987e-01 2.586529843113095417e+00
-1.912277594813209358e+00 -8.030072583688609988e-01
3.090328097337323054e+00 -1.548655871588650257e+00
2.872334142770152088e+00 -1.609704783110440296e+00
-3.939537006647867989e-01 -7.882871028343609032e-02
2.839609603295634166e+00 1.140787366102191669e+00
-3.086977929211315086e+00 -1.031595267119899351e+00
-1.647750955360744785e+00 -5.429661805489085502e-01
-8.283054139992759302e-01 -9.041863345792695572e-01
-4.673624252754798314e-01 -1.534757122677310182e-01
-3.448715474942538606e+00 -1.170967473893308464e+00
-3.544809994830777546e-03 1.873379952180179275e+00
-9.509975214339512484e-02 2.752332585125055395e-02
-6.273889436527834151e-01 -1.069905007048083251e-01
-4.107729725387373465e-01 -6.829035105849882992e-02
-4.493721913102775023e-01 -6.367331240327475661e-02
-2.098308187555761872e+00 -6.868408273583251900e-01
3.110906304867623096e+00 -6.884020133606013614e-01
4.136115477703699916e+00 -2.330568001122450550e+00
4.409155203467470585e+00 -2.363449617175899409e+00
2.534870973122582249e+00 -1.172472591590123070e+00
5.519715417327820672e-01 4.226426231912869369e+00
3.817869229035668610e+00 -1.934450190598333119e+00
1.371375016669120761e-01 2.294741915040428459e+00
-5.133222719142128687e-01 -7.790148001505249609e-02
1.286624068544055532e-01 2.674050860678631736e+00
1.671380133995853168e+00 -1.632892576086197867e+00
-4.640137577551893600e+00 -1.617274853787336708e+00
-5.220771644553908741e-01 -4.735589034530898744e-02
3.408883139417875352e+00 -1.880324167977664773e+00
2.437428526496144610e+00 2.099121193386864537e+00
-2.581036627086631619e+00 -9.414652435778989581e-01
9.539753264451568127e-01 3.222812226019524662e+00
-1.017231765814964772e+00 -1.253065659328051806e+00
-1.400870689923602530e+00 -4.428301339069861675e-01
-1.675493542733081043e+00 -5.210681844277867958e-01
-3.610300670257834188e+00 -1.305306905383077920e+00
-2.058795105753839394e+00 -8.811380825351896595e-01
-6.899697428064751614e-01 -3.637644917145124612e+00
-4.819557263074449871e-01 -8.162581782494689187e-02
-4.341277241016357480e-01 -7.764900196588757353e-02
-6.667337772869240398e-02 2.109095129267465563e+00
5.097251112270752005e-01 2.841791624753751133e+00
2.543809694902486873e-01 3.244923842162346972e+00
-5.723721320091369469e-01 -5.787960399086308216e-01
-5.691434446985401685e-01 -1.068498277802389096e-01
-6.564075129569104661e-01 -6.783997394847451901e-01
3.486170843967698385e+00 -1.794635868600633177e+00
6.578812015574712069e-01 3.191573972391139158e+00
-1.627432723035878714e-01 -1.153394029184760389e-01
-5.005108515218396059e-01 -9.252570662718892502e-02
-5.386255421199684923e-01 -9.033693833474365498e-02
2.976771215962391803e+00 -1.793410643124420556e+00
-1.853857552984654600e+00 -5.704223824610822335e-01
-8.565846342876305419e-01 -1.819872963380898989e+00
-7.303553819286872084e-01 -6.843327747351702905e-01
-9.212649489684891779e-02 1.831051990606200386e+00
-3.114675234838113038e+00 -9.692295834272571797e-01
-7.016380727125899330e-01 -1.616386305319667649e+00
4.722951115463689398e+00 -2.325849275034079344e+00
-3.755606438111506740e-01 -2.202454201554532309e-02
-1.454571163096417541e-01 1.878408010174289489e+00
8.075396889124591970e-01 3.224459698300516486e+00
2.158060761896991309e-01 3.002697352547554210e+00
-2.186070727552528847e+00 -7.119862019622649196e-01
7.498266394660321743e-02 3.302223021822467519e+00
-1.230084589517496552e+00 -1.277190175585641851e+00
-5.692223048505734573e-01 -9.205980538435112881e-02
-1.539424279943321539e+00 -1.224845792114293674e+00
-9.623142262091909371e-01 -1.074801967689839932e+00
-1.698676538864984265e+00 -1.305516966059935058e+00
-2.091481223770608633e+00 -6.660269030774945698e-01
-6.358320152817799054e-01 -9.757678784354047175e-02
-1.861604104976586349e+00 -6.417690684118192435e-01
-8.644746597450860826e-01 -9.908582632278634117e-01
-1.028708459432779776e+00 -1.222553752275582273e+00
-5.304792151910406872e-01 -8.401560610197963963e-02
5.016719886401734690e-02 2.109378787452988568e+00
-8.079781849643642433e-01 -9.349275499205120799e-01
-1.100427710172401596e+00 -1.317922391010400096e+00
-4.742010683122906967e-01 -8.493564641422389483e-02
-8.432488292946404007e-01 -9.707805294728872880e-01
4.976603845705016016e-01 -8.007907403535698965e-01
-3.531979765089790835e+00 -1.149919223363496723e+00
3.143060497291516153e+00 -1.706973061574792228e+00
-1.074615477996563317e+00 -8.892885770966638681e-01
-8.638381982347277388e-01 -9.919726754853352979e-01
-6.592672989950350004e-01 -1.025501445069503942e-01
-1.004722414146365983e+00 -1.118364130739279538e+00
-7.370969168719667675e-01 -8.025214150568303895e-01
-1.755577767149366419e+00 -5.625270651601540495e-01
-1.124411952019055194e+00 -1.329009157315705014e+00
-1.117803713970506152e+00 -1.366466556480982142e+00
3.776517559298482873e-01 2.894082712988505612e+00
-4.187510285984087366e-01 -8.501482354264773555e-02
3.737017937736745399e+00 -1.918193924676523165e+00
-1.049250612520519876e+00 -1.238584093683484433e+00
-6.948583592852790591e-01 -7.477174949687135364e-01
3.923214924249193158e-01 3.282711545225700078e+00
-1.290820375208564963e+00 -1.602282846964302010e+00
8.665016228114111874e-01 3.162575042951802917e+00
2.762193663789087594e+00 -1.768564326083742921e+00
2.732154829422233533e+00 -1.065402591093425499e+00
4.295082769116643995e+00 -2.143787679766849585e+00
2.137511681476405467e+00 -2.332169530832579163e+00
-8.519752474939131792e-01 -9.960699801219000671e-01
1.853983278041783755e+00 2.382292188655154241e+00
3.896800690416317714e+00 -1.786526289888798358e+00
-1.338115733713845623e+00 -1.649113718500089698e+00
-5.099721393049724272e-01 -1.179452622477712875e+00
-5.649756335071008939e-01 -8.418901298817206558e-02
-4.603725064640200038e-01 -8.775337070969801978e-02
-4.105945548562989766e-01 4.068276778841564689e-01
-5.746080196527106887e-01 -8.549379013993353704e-02
-4.326400334911263412e-01 -9.243113450956508270e-02
-1.943828018011028780e+00 -6.058634302286356466e-01
-6.142135090557818700e-01 -9.208507731499229743e-02
-2.876838024469745125e+00 -9.476747474213340627e-01
-4.255319489991237214e-01 -1.047736405704703389e-01
2.961326067191301092e-01 3.078765081657975244e+00
3.025483597530596591e-01 2.983454519533851101e+00
-1.061521149808785758e+00 -1.274632789548475698e+00
-5.936130497456303390e-01 -8.274048531560358744e-02
-7.235278608443543868e-01 -8.199044690287250470e-01
4.956985707772211813e-01 3.149833167339905593e+00
-3.115475724161134163e+00 -9.739789644272699443e-01
4.894938063250716120e-01 4.554677239660894550e+00
-2.759557862821258589e-01 8.324704946452144982e-01
-5.576138497884316481e-01 -1.721133733689747813e-01
-2.238451475719792638e-01 1.565269441764915781e+00
-7.834058298608146398e-01 -5.646805579580226331e-01
1.385432291010978423e-01 2.582300822536921725e+00
1.058211369793240708e+00 3.169374065037640964e+00
-1.809836108937500354e+00 -6.119996253545340048e-01
-3.295770280440149524e-01 -8.792363373123966708e-02
2.712385595739793320e+00 1.601465844939090388e+00
-6.045838298201257066e-01 -3.761481710646338295e-01
2.581525263610814913e-01 3.285294617163129871e+00
-7.945989214443468507e-01 -9.249290218676008424e-01
-1.463586619634879238e+00 -4.938090249728262493e-01
1.591553366302858596e-01 3.551591028593613864e+00
-6.804382636285956076e-01 -7.559885298860029579e-01
-3.640086605611003168e-01 1.677632850530086650e-01
-1.213224456672836321e-01 5.150424470502585894e-01
-4.855481352265781370e-01 -9.590554745903918932e-02
-2.019430206845660880e+00 -1.038522445668889960e+00
-1.611314596156382839e+00 -1.193732306826538636e+00
-2.839573831588273922e+00 -8.773020242858711182e-01
-7.414558784090149457e-01 -6.575759341893644416e-01
-8.757539033693911845e-02 1.788568771022066795e+00
-9.163364591505512857e-01 -9.315464834991549203e-01
-1.901374796960642266e+00 -6.096833742075310481e-01
-2.506040160265604388e+00 -7.794237216115336153e-01
-5.170718097191728813e-01 -6.903910459598905369e-02
-4.151788996020541744e-01 -8.035998264917081080e-02
-2.268588002573710405e-01 7.459485477367747697e-01
-2.412563523993996650e+00 -7.915165065113973775e-01
-3.242145707220220885e+00 -1.636585857942463695e+00
4.283517243593669477e+00 -2.199091979028358512e+00
-1.056654832465773630e+00 -1.262202742208114570e+00
-1.210763051185251626e+00 -1.455681974369749332e+00
6.669509337806264759e-02 1.846306162581036414e+00
7.515410379591253021e-01 -3.179804646657790057e-01
4.566634892081052333e-01 1.864051523640117169e+00
3.172172035954290870e+00 -1.362025085455128348e+00
3.046531168671439360e+00 7.377983070083096173e-01
-9.896372341661755501e-01 -1.182412320297655306e+00
-1.206874350992848344e+00 -1.505371904980711939e+00
-1.596860271387817498e+00 -5.306635533494237222e-01
4.678165340812425299e+00 -2.448503158183072959e+00
5.427097647135047109e-02 1.720481499260151370e+00
-4.126334150518224941e-01 -6.482121138926727477e-02
-1.879262763940263925e+00 -7.604441638297042561e-01
-5.629569614802295563e-01 -9.460808474190730843e-02
6.059280489079395871e+00 -1.662410624182844021e+00
-1.352866623111998179e-01 -2.717492478278463186e-01
2.876397835350777754e+00 -1.458158312750595043e+00
-8.041921244094748511e-01 -9.128251705670605842e-01
-3.580315689302775994e-01 1.460517933385840239e+00
-2.269608079513975252e+00 -7.672947151015641065e-01
-2.081326832195329768e+00 -9.552598974108220675e-01
4.810725361793812271e-01 -2.641595056715114964e+00
-4.481153328087430499e-01 -7.804254115303185801e-02
2.589488952292314308e-02 2.061019164762037725e+00
2.172566689245960081e+00 -1.160584953058298563e+00
-5.917335776475493025e-01 -3.527270464633635583e-01
1.904560354097757813e+00 -1.212126884714641362e+00
-2.502799399968444582e+00 -8.225502514400524490e-01
-2.101362768783007873e+00 -9.149492312212731404e-01
1.832483452727584616e+00 2.824812110712416127e-02
-1.632049076255904563e+00 -1.177465441839759430e+00
5.879258995309966790e-02 2.343943680213977476e+00
2.213954265822642320e+00 -2.674892856058122881e+00
-7.774439999862791106e-01 -1.307686355083231278e-01
-7.283070291220388182e-01 -8.128047415390780017e-01
-2.672715321597298299e+00 -8.568559399948468824e-01
-2.387981378298497381e-01 -1.595456489907108200e+00
3.339207608502775537e-02 1.820028821970495203e+00
4.554723352046624596e-01 3.782070114823075979e+00
1.993990359669985946e-01 -9.409966997112855225e-01
1.784921896854724910e+00 3.145528649540878074e+00
-2.727298837049140001e+00 -9.987631114493435991e-01
7.357571666834115953e-02 2.269372804292563384e+00
1.325359220882246669e+00 4.162932518707874507e+00
-1.047542727955040665e+00 -1.264548285382888437e+00
8.397938402379206968e-01 2.595736007972809123e+00
2.201580408358477792e-01 3.156342791348614174e+00
-5.227525924170962623e-01 -8.737799874191423677e-02
-1.001190448091943130e+00 -1.418912361923121646e+00
1.032297643625475769e-01 2.151869278118048179e+00
2.136399534422923630e-01 2.572343085566228371e+00
-3.750665913168064192e-01 -7.668362580167782661e-02
1.432689395321012638e-01 2.378138444439990007e+00
-1.098185310143244831e+00 -1.348643317740967129e+00
6.585510901332322087e-01 5.393610010353253159e+00
7.784149713042344265e-01 5.045245104275379866e+00
-7.510733476823939769e-01 -8.308656482773172369e-01
1.953803177246294265e+00 1.145960445397363081e+00
-6.972395569567181317e-01 -6.856519038816212275e-01
7.387399497856089736e-01 3.076629249295429247e+00
-8.961059351562189468e-01 -1.057936986580083616e+00
1.350358729618700571e-01 1.783881205963511407e+00
4.573149762738414337e-01 4.584541683228387399e+00
-4.930737901278902657e-01 -2.300097195731531582e-02
3.224337252266337162e-01 3.479440448199049740e+00
3.327571462600245500e+00 -2.837952612972671762e+00
5.042441157287507636e+00 -2.546913314719374100e+00
-1.994501945746712357e+00 -1.159023239016605755e+00
2.141090109911200634e-01 2.895328221157644766e+00
2.463575276919309220e-01 3.479220553067770005e+00
-2.570835806406562618e+00 -8.075762303055238345e-01
1.949531184463471511e+00 -8.008598161719392428e-01
-1.298323846636760592e+00 -8.513671697325256860e-01
-9.347396924967519283e-01 -1.119338484879029094e+00
-7.298560551885200365e-01 -1.022932885978078965e-01
-1.861657193246060826e+00 -7.648130142697938672e-01
-3.708271715880835928e-01 -2.433607985855268829e+00
-2.384225366187542328e+00 -1.415337108273831079e+00
-2.694971649494515842e-01 -1.932447371435821459e+00
-1.690852865719635556e+00 -5.276590518182313616e-01
-2.234059426943009630e+00 -7.035074890339250153e-01
-3.551515575363788368e+00 -1.909928249124205335e+00
5.622893190527837870e-01 3.640631374213210592e+00
-8.574330823851622485e-01 -5.294727147430453584e-01
-1.291558398131655849e+00 -1.091920755562553857e+00
-2.792711810687382723e+00 -9.371664213510788599e-01
-7.554578367286098883e-01 -1.058402727790096892e-01
2.155996525327468216e+00 -1.099824432273416086e+00
1.953516379717622709e+00 -1.088536734656597060e+00
-2.068668747169248867e+00 -2.276826494197091488e+00
3.892973122885897030e+00 -1.627271530492737206e+00
3.878101257411905589e+00 -1.992892677873887131e+00
3.602260568185015721e+00 -2.707172224966938323e+00
3.544546757185898511e-01 1.378826151550792467e+00
5.160158155287165371e+00 -2.352158875148290029e+00
-6.033458078292831539e-01 -1.198694201715980734e-01
-7.795236435639446571e-01 -7.373315741649755228e-01
4.064465503889126197e+00 -7.814656250738766241e-01
