-7.375893775400980124e-01 2.998966442626213258e+00
-7.023936883916797047e-01 2.684138837339577144e+00
-1.485568268212631882e+00 -1.366900596940485491e+00
-6.292972445779274615e-01 2.084327598714263985e+00
-9.420978884111428364e-01 -6.364324394841711641e-01
-3.768818455542414791e-01 1.105504733586575861e-01
4.788808369027456102e+00 4.735794376494084634e-02
-9.149637396715358806e-01 3.305933632360678942e+00
-1.559774807289769027e+00 -1.184114917474541340e+00
-5.726696219360686291e-01 -1.069194519865494519e-01
-4.628478281229512215e-01 3.565870231417738623e+00
-1.370532236944517424e+00 -1.073567443290155188e+00
-3.768818455542414791e-01 1.105504733586575861e-01
3.355284224235128843e+00 3.154392957193206115e+00
-3.770937449509905726e-01 1.204519379387170991e-01
-3.776152053504846506e-01 1.096666082181410040e-01
-9.750786272319562631e-01 -5.448063084786287646e-01
-6.806944080699327548e-01 2.520214638927483985e+00
-3.768818455542414791e-01 1.105504733586575861e-01
-1.228588823052766177e+00 -6.112844360789958520e-01
-4.500200813421918467e-01 2.064992203894601364e+00
2.466258266715224856e+00 -3.775076184312382011e-01
-4.886090332083039556e-01 9.898550658455754769e-01
-1.339658113820646035e+00 -9.418469892358950490e-01
-6.333319208980803250e-01 2.130316117397333731e+00
-3.768818455542414791e-01 1.105504733586575861e-01
-2.239398385536930380e+00 -2.235134148626340078e+00
-6.469797804823004261e-01 2.748441431092207843e+00
3.968631923562152775e+00 -1.465899007495140349e+00
-7.919629022718205347e-02 2.137690136092359694e+00
-3.768818455542414791e-01 1.105504733586575861e-01
-3.768818455542414791e-01 1.105504733586575861e-01
-4.292473100183463175e-01 5.085269688087904472e-01
-1.008108647925860524e+00 -5.803530095971705105e-01
-3.903240489436544669e-01 2.224756348703733067e-01
-7.759339642706457596e-01 3.364454769150014180e+00
-3.768818455542414791e-01 1.105504733586575861e-01
-3.769709987228549997e-01 1.188682930602178028e-01
-6.754670242998676022e-01 2.247298180143145085e+00
-5.725504576403891432e-01 1.655243807470359263e+00
9.873767756514253424e-01 -8.845776080696608756e-02
-2.658746035055737367e-01 1.967012901286113058e+00
-4.906002153683077238e-01 -1.504147602450595089e+00
-1.302879428050961907e+00 -8.650662548212325609e-01
-3.768818455542414791e-01 1.105504733586575861e-01
-2.456016202490031386e+00 -2.659382163560673362e+00
-1.220295933740957794e+00 -8.135778703811175072e-01
-7.310588971404136105e-01 2.904428720288207977e+00
-1.571970642251804273e+00 -1.186575877829482595e+00
5.354536716992237544e+00 1.084492124109231348e+00
-3.768818455542414791e-01 1.105504733586575861e-01
-1.005677479974747879e+00 -7.187456572951221867e-01
-4.281684679791734616e-01 5.257488947000844570e-01
-7.119261346647252076e-01 2.851617119414719959e+00
7.506565376662579503e-01 -1.870197647780796446e+00
-5.793707557232158356e-01 1.776024006255226606e+00
-6.281923661638326717e-01 2.093636668992221228e+00
-9.443934138745887497e-01 -5.105957814951150864e-01
-3.768818455542414791e-01 1.105504733586575861e-01
4.414152247276573959e+00 7.863013955361225493e-01
2.299322764068447988e-01 -3.068471997590607181e+00
-8.645261275696528580e-01 -4.243900828347926257e-01
-3.768818455542414791e-01 1.105504733586575861e-01
-3.768818455542414791e-01 1.105504733586575861e-01
-3.768818455542414791e-01 1.105504733586575861e-01
-1.071655773129999156e+00 -6.500539085998342514e-01
-1.606472288999669873e+00 -7.705352587954819032e-01
-3.807954298027555473e-01 1.072575449163900296e-01
-2.744811056133185101e+00 -3.045327589730880913e+00
2.706601402045788696e+00 -8.772079343815091246e-01
-1.046833304821834787e+00 -8.540061948238523160e-01
-3.768818455542414791e-01 1.105504733586575861e-01
-1.032030638979201553e+00 -6.076152342364126158e-01
-7.502995411201215381e-01 3.037662948087002768e+00
-4.851212265276020896e-01 9.352157746813767325e-01
-7.006155826900378747e-01 2.667818538119506755e+00
-4.417831231340323961e-01 3.846120815071127352e-02
-3.768818455542414791e-01 1.105504733586575861e-01
-7.936245611927160715e-01 3.351800430163851985e+00
-5.746457754281424357e-01 2.579677748247273694e+00
-3.978108241373155551e-01 2.687671148573240187e-01
-3.768818455542414791e-01 1.105504733586575861e-01
-7.505265952738967572e-01 -2.990879997317408279e-01
-3.768818455542414791e-01 1.105504733586575861e-01
-9.052866360716713690e-01 -4.611719024972114056e-01
-1.079815635982193989e+00 -6.586061924016630709e-01
-3.768818455542414791e-01 1.105504733586575861e-01
-3.768818455542414791e-01 1.105504733586575861e-01
-2.748549505694532602e+00 -3.050725582867549690e+00
-4.111867486726544785e-01 7.098320898948956570e-02
-4.486186282374250989e-01 6.644226842106365494e-01
2.911088811933221443e+00 -4.218811523137902531e-01
-3.768818455542414791e-01 1.105504733586575861e-01
3.349027263519183339e+00 9.090683889061171863e-01
-1.156815568209025313e+00 -8.387081514689436190e-01
-3.768818455542414791e-01 1.105504733586575861e-01
-3.824728982278445821e-01 1.039018281808957445e-01
5.076887843132871225e+00 -1.130676993682373954e+00
-5.494852971789833118e-01 -7.886348706110518636e-02
-8.907878655535839130e-01 -4.526801678196133438e-01
-9.588000617168331852e-01 -5.276422084676443136e-01
-4.159991788139154045e-01 4.298565861093042173e-01
-3.768818455542414791e-01 1.105504733586575861e-01
7.700143890105345612e+00 -1.330644166101981885e+00
3.051212104780687717e+00 1.040302007026890907e+00
-6.330367284256268601e-01 -1.703845194684115716e-01
-9.601478222084721681e-01 -5.287644770618217249e-01
-5.050136652782420965e-01 -3.101856214831013453e-02
2.203988794719227595e+00 -4.756713231730493319e-01
-3.768818455542414791e-01 1.105504733586575861e-01
-8.957713394356330294e-01 4.586654208417800582e+00
-2.522659970541277552e+00 -3.811994400633612834e+00
-3.787887535307600806e-01 1.260621806582613302e-01
-1.253242071625810805e+00 -2.788449881391485086e+00
-5.280064197720386598e-01 1.981096945614861049e+00
-1.574194939507861379e+00 -1.219416823181291409e+00
-3.768818455542414791e-01 1.105504733586575861e-01
8.017277007250266374e-01 1.527385460612707302e+00
-5.228348684315974326e-01 1.284250272273876003e+00
-1.875302430707461943e+00 -1.884269525532923373e+00
-4.865794236273611184e-01 9.691890867711191460e-01
4.136261975333663798e+00 -1.197167367384977643e+00
-3.768818455542414791e-01 1.105504733586575861e-01
-6.498430371755176127e-01 2.275126920370805106e+00
5.010691872732938812e+00 -1.255399484122182496e+00
-3.794085786116654369e-01 1.075051681124617187e-01
-2.544949197461311652e+00 -2.604248521787796200e+00
-2.285465748616742232e+00 -2.436147183253949855e+00
-3.768818455542414791e-01 1.105504733586575861e-01
2.216096769977013159e-01 2.829079618052104395e-01
-1.846722664127343982e+00 -1.850943452783720966e+00
-3.889366043924813998e-01 2.578339630990417852e+00
-7.672238830477253746e-01 -3.157693442885111668e-01
2.551255730149204926e+00 -6.753874894509311888e-01
2.014450482149098942e+00 -1.076153124407344563e+00
-8.323869151019912538e-01 3.656878861883992915e+00
-3.768818455542414791e-01 1.105504733586575861e-01
-8.379167336439726776e-01 1.973061612971998002e-01
-6.528615616953246104e-01 -1.934985534131588580e-01
-1.292651066635367219e+00 -1.112002604145541973e+00
-3.768818455542414791e-01 1.105504733586575861e-01
-6.749955157955493945e-01 -2.165970310675396915e-01
-3.801538870157223915e-01 1.066069101455999618e-01
-3.768818455542414791e-01 1.105504733586575861e-01
-5.257997105130989279e-01 1.285356408233784720e+00
-6.152495638325354843e-01 1.996445907918495077e+00
-1.270721032534015471e+00 -5.193317903736555108e-01
-3.768818455542414791e-01 1.105504733586575861e-01
-9.802345337060596187e-01 -6.849182911619488001e-01
6.319839015934705095e+00 -1.499468391848761017e+00
1.103046559433825680e+00 -3.063912105206871225e-02
-1.346524460861571626e+00 -9.803313244299097784e-01
-9.741441343440868650e-01 2.135710174908586279e+00
4.088678235612958289e+00 -6.637102892525402753e-01
-8.301463604375597383e-01 5.243325440418323602e+00
5.925024432921706108e+00 -1.230821738787724273e+00
1.980608909107773430e+00 8.104578590658975124e-01
-3.768818455542414791e-01 1.105504733586575861e-01
-1.011628590758640867e+00 -5.852456456754844272e-01
-7.126651097693077475e-01 2.816444418541690364e+00
-3.768818455542414791e-01 1.105504733586575861e-01
6.859401573037973598e+00 -1.139919219802747019e+00
-4.504912616418393356e-01 7.154176216323411275e-01
1.254805098437455868e+01 -2.245195195856736436e+00
1.728539426912988064e-01 3.658661334297886203e+00
-3.768818455542414791e-01 1.105504733586575861e-01
3.114544159090538722e-01 4.009636520682815508e+00
-8.156264548641576351e-01 -4.222286860529213537e-01
1.150903014057078178e+00 2.020694186410721738e+00
5.841057669314250189e-01 -3.614379137409359788e-02
-1.359658051577392390e+00 7.997207321045431971e-01
1.995395893306717738e+00 1.026277963971897966e+00
-1.113911286188640215e+00 -6.965889624401030433e-01
-4.075545219587696222e-01 6.316808180114893645e+00
-8.316867068415287889e-01 -3.880304514463313037e-01
-3.938992640860228822e-01 9.407948379337867373e-02
2.097839383803637769e+00 -1.852892636684073668e+00
-8.215275445981899960e-01 -3.770080840904079245e-01
-6.038832469266156577e-01 1.945984842643797563e+00
2.287917515427035475e+00 1.349697370883051972e+00
1.683159940370985153e+00 -1.285010117807303009e+00
-6.223759123629118983e-01 -2.150737628719724681e-01
-8.587616482799903528e-01 4.656078912344909781e+00
-3.768818455542414791e-01 1.105504733586575861e-01
2.546861231744692589e+00 -1.320323692963764284e+00
-1.500269202815524283e-01 2.160520576473132781e+00
-2.254206933101642885e-01 3.246212095382421836e+00
-1.463500527113348104e+00 -1.136375895173499906e+00
-1.486600555434782756e+00 -1.065206820643537444e+00
-8.248617703926502953e-01 -3.802549230353090559e-01
-4.076724862038792474e-01 7.572401226439695598e-02
-2.686308286944648849e+00 -2.966133357463100584e+00
-3.817455564237565713e-01 1.046968121869456952e-01
-1.230548665879400483e+00 -8.239180464352411359e-01
-1.002085371782561740e+00 -5.744354115948970829e-01
-8.244763084797032127e-01 -3.821112512003033701e-01
-3.768818455542414791e-01 1.105504733586575861e-01
-1.140872383127613521e+00 -9.073175941918203424e-01
-8.076189931945751965e-01 1.208811548878243824e+00
6.189912934703552416e+00 1.241516167336361304e-01
-7.372400732466365403e-01 -2.838118049096690076e-01
5.452958326363806840e+00 -5.937125515850981694e-01
-1.202845454125975655e+00 -1.014233499874176658e+00
-3.768818455542414791e-01 1.105504733586575861e-01
4.243560339238758861e-01 -1.750426416638580562e+00
-1.312819246237235671e+00 -8.955737026437649018e-01
-1.318737049755604351e+00 -9.503864460917053059e-01
4.023007975135323377e+00 -1.940633352514161913e+00
-2.502406521019429064e+00 -2.726225129643989664e+00
-1.159493594964579932e+00 -9.252471820771618338e-01
-2.315607677977659318e+00 -2.491565620373510370e+00
-3.768818455542414791e-01 1.105504733586575861e-01
2.579969562647668635e+00 -5.666529397780730726e-01
-3.768818455542414791e-01 1.105504733586575861e-01
6.601773397491435880e+00 -9.608457064304191109e-01
-2.203499315923444168e+00 -1.744183034587039716e+00
-6.914692656860043085e-01 2.585975642612529324e+00
3.169990415372915038e+00 -3.636746142407659144e-01
-5.952123865444494122e-01 -1.302239013444876359e-01
-4.825607671390879094e-01 9.816911537125077025e-01
-5.498004731943774148e-01 1.505723744786216178e+00
-2.871452447683490838e+00 -3.256736655478629672e+00
-6.930264083781265683e-01 2.844739269220092126e+00
-1.301461024491828988e+00 -1.114967916425528172e+00
-2.707853910193964264e+00 -2.925188647197871195e+00
-1.151097670875034007e+00 -1.073532560282189907e+00
-5.499390886547804724e-01 2.759399417349880590e+00
6.053678539719843599e+00 -1.641969471881011833e+00
3.953973485217769035e+00 -6.021025962552000177e-01
-1.967056432977765335e+00 -1.984834227396697015e+00
-1.275623108823009444e+00 -1.090563193696485245e+00
-5.221295695522187863e-01 -4.938416687924668258e-02
-6.747727135427122880e-01 2.459210922360057783e+00
5.989684590526028529e+00 -1.264878316958827575e+00
3.920123776537367544e+00 3.620773395791431759e-01
-6.537364295997921682e-01 2.391577042438831846e+00
-1.131252391999339579e+00 -7.162907384689688461e-01
-9.717587468604499401e-01 -5.423960899188534635e-01
-3.780690655259300037e-01 1.201115874383116844e-01
-7.370035484460569775e-01 3.686520886040111744e+00
-5.669288429255321393e-01 1.630463685355223680e+00
1.304433161942132102e+00 -4.178681649549336186e+00
-3.604816095865610581e-01 2.360222801081059529e+00
-1.169035648037173525e+00 -9.812510946373215193e-01
-5.962051975365374457e-01 1.868085670449490143e+00
-1.808942405949536925e+00 -1.773962223479355949e+00
5.225484641416854537e+00 -8.992364513029343920e-01
5.897717040217766105e+00 -1.663816633031882652e+00
-3.796094944523384362e-01 1.073041723466202912e-01
6.308007270818810630e-01 1.281274205282497025e+00
-2.692432986069473344e+00 -2.976156907168367116e+00
-3.231875991159110395e+00 -3.691030398860882578e+00
-8.901446825545445973e-01 -4.521554392910278608e-01
-3.912146441169261912e-01 9.430860001541239990e-02
-1.579523758590857474e+00 -1.500659598071177658e+00
-4.853037687018070812e-01 9.030542580380938045e-01
-1.108077376264684943e+00 -1.238555142847565516e-01
-3.768818455542414791e-01 1.105504733586575861e-01
-3.772266264181828865e-01 1.101520361346535193e-01
-3.768818455542414791e-01 1.105504733586575861e-01
-1.185269230340782576e+00 -9.757233152023762068e-01
3.864540025330982953e+00 3.364742073288376229e-03
3.990522456890563063e+00 -5.855159261755030764e-01
6.602325896272419392e+00 -8.119819030165359441e-02
1.962914573272760643e+00 -2.553108796958872273e-01
-6.598597007105724277e-01 2.433155634220324881e+00
3.712539282078513025e+00 -2.072534881630848369e-01
-5.454392454473158125e-01 1.463559285063035231e+00
-3.768818455542414791e-01 1.105504733586575861e-01
-5.858277889799974325e-01 1.783975713335858471e+00
1.513342153264077616e+00 -1.180799896043012165e+00
-2.071373320489327430e+00 -2.156056653314445626e+00
-3.768818455542414791e-01 1.105504733586575861e-01
3.310333371771055244e+00 -5.427827704298002764e-01
1.546727466183037025e+00 2.724953048422228186e+00
-2.021570744076150561e+00 -2.170115047786965956e+00
-1.869885349261827812e-01 3.061782465816930809e+00
-8.432419374155682990e-01 -3.968182163451461353e-01
-9.701079831197931824e-01 -6.807367668243974324e-01
-1.427337020667873269e+00 -1.289422683243365508e+00
-3.123495585389461482e+00 -3.703056332692877817e+00
-2.241701820546063928e+00 -2.287471380096536056e+00
2.032570759273421235e+00 -1.493051261845647293e+00
-3.768818455542414791e-01 1.105504733586575861e-01
-3.768084166715970351e-01 1.115989170175566980e-01
-4.568061120342752912e-01 7.736731323063283927e-01
-9.789961176914565577e-01 5.608249648996554981e+00
-6.762863005050977483e-01 2.459855546924293979e+00
-5.674596207919024859e-01 -9.970355026831689838e-02
-3.768818455542414791e-01 1.105504733586575861e-01
-8.683410191251527133e-01 -4.459497334547595226e-01
1.042537471963773932e+01 -2.022082712461948706e+00
-6.364133587027559491e-01 3.902351030972266432e+00
-1.306591728647488404e+00 -1.125499352641074147e+00
-3.768818455542414791e-01 1.105504733586575861e-01
-3.768818455542414791e-01 1.105504733586575861e-01
2.596008522724223333e+00 -5.411023102292884523e-01
-2.359246487118645597e+00 -2.528787114509027045e+00
-1.398102997835666272e+00 -3.719437819251444122e+00
-5.691846019746457097e-01 -1.006687178382902892e-01
-8.201120176892419122e-01 2.555084399202507406e+00
-1.837681256047601908e+00 -1.829035555184310269e+00
-7.641040534653772420e-01 -1.745954898290206003e+00
3.627611321399038413e+00 -5.521081351099229595e-01
-3.772035627613868347e-01 1.215563698259007758e-01
-4.488691298043709366e-01 6.889358725283569740e-01
-6.430542916291475120e-01 2.320707022367376915e+00
-6.544138229521915262e-01 2.321809246233756951e+00
-2.582639069993479364e+00 -2.835743014567015052e+00
-4.452162684594136444e-01 6.514173837356332930e-01
-6.566761050862776061e-01 4.937712720561379665e-02
-3.906716628975985262e-01 9.445049278546188698e-02
-2.539688159913251475e+00 -3.233047929970695566e+00
-7.260098425879647488e-01 -2.760945598228583542e-01
-1.658116722182057412e+00 -1.846275399774120363e+00
-2.873225460391565900e+00 -3.204683664252139685e+00
-3.768818455542414791e-01 1.105504733586575861e-01
-8.007145943856681658e-01 -4.764153430420443591e-01
-7.982848528651294018e-01 -3.508226465038158381e-01
-1.728194548332100844e+00 -1.394641963726697131e+00
-3.768818455542414791e-01 1.105504733586575861e-01
-4.647477893230084200e-01 8.346404832599173540e-01
-1.067100390724879277e+00 -5.554651326882530382e-01
-1.021702009173560688e+00 -5.948050568120608617e-01
-3.814677160749563312e-01 1.110419029977293415e-01
-8.058938106938987600e-01 -3.599973692600881292e-01
7.867250913824059833e-01 -1.390932494982963785e-01
-1.618881011440429729e+00 -1.540560604536086897e+00
3.896567637230147430e+00 -6.974538664446774394e-01
-6.766618255522351966e-01 -2.200823056630131502e-01
-1.073533411077533417e+00 -6.528144002651792288e-01
-3.768818455542414791e-01 1.105504733586575861e-01
-7.132159056318750912e-01 -2.591026859026951401e-01
-7.210262762386434598e-01 -2.659960777313590263e-01
-8.403806030001378380e-01 -5.054151682424664616e-01
-1.345007483722844732e+00 1.931127471448680799e+00
-9.642694457514828787e-01 -5.330219624555533331e-01
-5.590622428902735086e-01 1.575018958642739886e+00
-3.768818455542414791e-01 1.105504733586575861e-01
2.838668656404678803e+00 -4.345869982515930818e-01
-1.009528673689864986e+00 -5.820786368222415907e-01
-8.906764807375532333e-01 -4.521285161617040194e-01
-7.932461010943691049e-01 3.503730837680418375e+00
-1.006673456065809935e+00 -5.798016405524735184e-01
-4.009808091094193006e-01 2.976717692748859445e+00
1.116791487662339710e+00 -5.325940619834177436e-01
3.435888164823099888e+00 -1.772452091808760510e-01
6.344969119484758835e+00 -1.071630283212836154e+00
3.172795662527364335e+00 -1.564536368927648136e+00
-8.571171998515655366e-01 -4.163945943777100922e-01
-1.764454583161134404e-01 1.820072740769751229e+00
7.509822633698310490e+00 -1.028870173235312713e+00
-1.196969728206441541e+00 -7.881913273184560920e-01
-3.032060513813883418e-01 -4.360604230787085700e-01
-3.768818455542414791e-01 1.105504733586575861e-01
-3.768818455542414791e-01 1.105504733586575861e-01
-3.872436894150974585e-01 2.060091586293294752e-01
-3.768818455542414791e-01 1.105504733586575861e-01
-3.797928568765365775e-01 1.070769786557772968e-01
-2.106688144747119740e+00 -2.198648003673153717e+00
-3.768818455542414791e-01 1.105504733586575861e-01
-2.105826612828968880e+00 -2.196090336528880194e+00
-4.266522738988607344e-01 5.401771569383981286e-02
-6.959581125619342945e-01 2.663506324653558188e+00
-9.024368947652990913e-01 4.647795335964678642e+00
-8.546960656536184420e-01 -4.139083871594703701e-01
-3.768818455542414791e-01 1.105504733586575861e-01
-9.832544289699343132e-01 -5.549656671311924416e-01
-5.966160665796014229e-01 1.854272846838271427e+00
-2.063133186265522223e+00 -2.135211206132237916e+00
-7.807026099443498124e-01 3.639060910467448728e+00
-4.903464495668423684e-01 1.015143917452690614e+00
-3.784232673371295541e-01 1.086927041691744950e-01
-4.544852865009033627e-01 7.312150950315080555e-01
-1.532993404793865366e+00 -1.155845544729683372e+00
-5.136280375376652829e-01 1.204360802143091380e+00
-6.297620369794989514e-01 2.810933492740653072e+00
-8.529150838586374572e-01 -5.175133963178598639e-01
-3.768818455542414791e-01 1.105504733586575861e-01
2.975706562038986203e+00 5.639040022043068312e+00
-3.952119174710002070e-01 8.921858857342279681e-02
-7.464029641147886807e-01 1.841466219585885744e+00
-1.017457173399268999e+00 -5.916398613955674568e-01
-9.039640459933024896e-01 -6.042713921426119406e-01
-5.397727840287833700e-01 1.395291584282830621e+00
-6.851690279673912087e-01 -2.260161722005253615e-01
-4.005142572021917480e-01 3.161854520834622151e-01
-5.555670089494536557e-01 2.274945731639228086e+00
-3.768818455542414791e-01 1.105504733586575861e-01
-2.516913643062073547e+00 -2.506150189601374034e+00
-1.846763485638768465e+00 -1.635353100381366831e+00
-1.693686436495344561e+00 -1.642113651662075346e+00
-3.768818455542414791e-01 1.105504733586575861e-01
-4.556567597880007980e-01 7.745566278992233045e-01
-6.871212879323084222e-01 -2.300617382206638362e-01
-1.440259264839216957e+00 -1.309075190428805380e+00
-2.490755147298847838e+00 -2.697042849777356643e+00
-3.815662316934277931e-01 1.049046922888119265e-01
-3.772189124370793345e-01 1.101609408789400307e-01
-4.003401330939798108e-01 8.339982860465579295e-02
-2.488018006212914468e+00 -3.309700884126944853e+00
-2.671124449698587977e+00 -3.570200288067216121e+00
6.971530874633914188e+00 -1.296482133209172272e+00
-8.076406565313425379e-01 -3.618159403460639023e-01
-1.670258550674434517e+00 -1.307334430512716583e+00
-7.507615775111686762e-01 2.558076086076676248e+00
-7.987747006901230185e-01 -3.517817567328143658e-01
-4.126933560726468997e-01 4.069645112538341492e-01
3.916453815842915631e+00 -2.458036062825427470e-01
3.724334776132716129e-01 6.175789639478678206e-01
-9.199884828964283168e-01 -4.855386660573632329e-01
-1.254623054582572061e+00 -8.516261932806715729e-01
-1.287177104341626466e+00 -1.114084209328353614e+00
5.530439613836236390e+00 -1.021838319254739336e+00
-5.080482933981581573e-01 1.180488017551560631e+00
-3.768818455542414791e-01 1.105504733586575861e-01
-1.489363450683420576e+00 -1.316493619765318757e+00
-3.768818455542414791e-01 1.105504733586575861e-01
3.055807641443443856e+00 5.562523317119742738e-02
-4.829014066792950977e-01 -1.950857143230335169e-02
1.159092910068416415e+00 -1.267725053191397500e-01
-8.635200399023881257e-01 -4.230443621368158991e-01
-8.842427088935195245e-01 8.151260423546099476e-01
-1.625960653296621095e+00 -1.549283477189693947e+00
-9.864590100917329796e-01 -6.717567426922680385e-01
1.309391501322314966e+00 -3.130787325582054859e+00
-3.768818455542414791e-01 1.105504733586575861e-01
-5.301392149921665409e-01 1.342275282252716195e+00
3.942502628165760914e+00 -6.996046616044715449e-01
-4.692454192700328264e-01 9.030074453846509766e-03
3.733461254522389972e+00 -8.831401080519052371e-01
-1.406330740101649601e+00 -1.261723804030406404e+00
-3.544203829241541648e+00 -4.177728963614983471e+00
3.201604892429059657e+00 3.081679289227351681e+00
-1.512349935828296799e+00 -1.260099888842626248e+00
-5.982074100470038402e-01 1.859244932995333111e+00
5.106743731831365984e+00 -2.298542560345664398e+00
-3.768818455542414791e-01 1.105504733586575861e-01
-8.388768510860402650e-01 -3.961833906885490753e-01
-2.076192366995694538e+00 -2.156307236901452207e+00
8.250927926621063335e-01 -2.456534844671018014e+00
-5.088383298872993787e-01 1.147557510769853684e+00
-6.533658946713070126e-01 2.297873498720385932e+00
-1.436797283467939890e+00 -1.420627312432323652e+00
6.460913491739218584e-01 5.093564851482330624e+00
-5.235152672563251341e-01 -9.214025187527091765e-02
-5.942143284790892821e-01 1.823084901020159521e+00
-4.909610337488290455e-01 2.831896082252788549e+00
-7.310929226254220259e-01 -2.747451702427803899e-01
-3.786123109552689270e-01 1.269460588902049658e-01
-5.813336597062076505e-01 1.730204478424806513e+00
-3.768818455542414791e-01 1.105504733586575861e-01
-1.001832652644558896e+00 -2.766093382319470884e+00
-5.733223566586622688e-01 1.673191913341407266e+00
-5.891145736523502041e-01 1.795437094389220611e+00
-3.768818455542414791e-01 1.105504733586575861e-01
6.123960436008558245e-02 4.060258549464739602e-02
-9.346009209146922680e-01 -5.005510389845361230e-01
-7.547935453239114079e-01 3.034591870491031074e+00
-5.988332846927113540e-01 1.867146023931379073e+00
-1.012645640123089219e+00 -5.856330403383404049e-01
1.097474531059410063e+00 -1.413112318810849199e+00
-5.640657694257783517e-01 -9.461526098404782203e-02
-5.992928044747219962e-01 2.652772337041662265e+00
-9.367579004750120619e-01 -5.031237745263261729e-01
-5.363785891336356748e-01 1.411061748290366458e+00
-5.286925925329675202e-01 1.298444497882342841e+00
-3.768818455542414791e-01 1.105504733586575861e-01
-5.647820695855466644e-01 1.613620602049684383e+00
3.116522016234231973e+00 -1.013586394345041386e+00
1.019633665715388915e+01 -1.396013107502482198e+00
-1.580160659052614269e+00 -1.344118858382918003e+00
-6.445369818785651184e-01 2.226603047065326191e+00
-5.107890034360080822e-01 1.166047957042411820e+00
-2.678185866085672995e+00 -2.955561213656547448e+00
1.894226867275512705e+00 5.691428107624300070e-01
-9.756524717967349769e-01 -5.958916618877581062e-01
-9.642348612567444022e-01 -4.862446898138240714e-01
-3.768818455542414791e-01 1.105504733586575861e-01
-2.505802343167812030e+00 -2.998102495999735329e+00
3.116457394256894609e-01 -2.047767854609601201e+00
-3.743736957320452419e+00 -4.026266658105407181e+00
8.698052482965790144e-02 -8.666505330610390079e-01
-1.905389082248622357e+00 -1.923831386516225539e+00
-1.703288292447149521e+00 -1.652127023882070000e+00
-1.281744281501696614e+00 -1.104960830928285898e+00
-7.934732050839851114e-01 3.405048321108851805e+00
-4.889812285192355890e-01 -1.343146135268198822e-02
-1.490404726682765357e+00 -1.306093590117628489e+00
-1.452592877234979651e+00 -1.420772821422803478e+00
-3.768818455542414791e-01 1.105504733586575861e-01
5.205426637199138007e+00 -9.820877964593311971e-01
8.772661956342110656e+00 -1.619080568023889333e+00
-2.444486906300556761e+00 -2.256435719546757923e+00
4.209839515598709170e+00 2.784501815757520204e-01
1.113694782600938638e+01 -1.831162533186178276e+00
4.445154868896343814e+00 -1.188896683441961422e+00
-4.017658972780791538e-01 3.190949188534292769e-01
7.244683801297318482e+00 -5.038228989475397324e-01
-3.845264169158170708e-01 1.021035336335236327e-01
-7.505616870614202352e-01 -3.001703406163824805e-01
4.535878599212439077e+00 6.484343257694329399e-01
