-1.988144048821719023e+00 -7.165870574471444598e-02
7.205864727832259620e-01 -1.426194135322215450e-01
-1.769211422835693659e+00 -7.216697683850377409e-02
2.386772602240485597e+00 7.631747732004263984e-03
6.036464106409936692e-01 -1.685890578108558691e-01
1.552932111552833172e+00 -4.500267047171090801e-02
3.336619866745603513e+00 2.034783221691784383e-01
2.520288034565782542e+00 3.425466728615546991e-02
-1.684587013570748804e+00 -9.381884687285732549e-02
-2.503753408946973291e+00 -2.136762808943962200e-02
-4.843487855729509128e+00 2.258730435339571518e-01
9.037273482425719484e-01 -1.189337881183402806e-01
-3.733592614838987078e+00 8.164532571553556606e-02
-1.000359749171709556e+00 -1.214468089345767526e-01
-3.327000002068471129e+00 4.620684366932427400e-02
3.124874297036345894e+00 -2.233429891358267375e-02
2.400507377525549657e+00 -6.869255466703226565e-02
1.467106052662768167e+00 -6.402314817914277201e-02
-7.940861716901019385e+00 4.363323173645214936e-01
-3.702844603337232421e+00 5.365487625763781798e-02
7.057921948404910495e-01 -1.547100982526898594e-01
-4.406420768967386437e+00 1.041487698604832562e-01
1.957492360508714002e+00 -5.490070372188608078e-02
-2.544631951462228869e+00 -1.696397808797970794e-02
-7.258133371313995497e+00 4.273654819539876026e-01
-9.846705039386804970e-01 -1.394135195496824242e-01
-2.032021090071877811e+00 -6.979712131040137491e-02
1.895507780780354201e+00 2.465349846651435084e-02
9.111130586045118607e-01 -1.157295602759860348e-01
-1.509456804095129945e+00 -1.041733989991317083e-01
1.731514073306711365e+00 -2.764854696605367410e-02
2.304321362569714537e+00 2.584676093603127146e-03
1.723707370456231347e+00 -2.537802722795337931e-02
2.553658865367165021e+00 4.482237294347234113e-02
1.788319326208299920e+00 -2.008744051279956824e-02
9.013607678805438894e+00 3.482068966949488642e-01
-3.115060979380562589e+00 3.874779372797779176e-02
1.642275105185361239e+00 -4.192567259197447355e-02
9.381174904057361097e-01 -1.155652343056818299e-01
-2.590614345861452339e+00 -8.224581914735655183e-03
-2.750477378054821287e+00 1.011810061717854578e-02
-1.575449442098104225e+00 -9.212360630546895246e-02
-5.888963514220173501e+00 2.657423544586008379e-01
5.092308795993820691e-01 -1.768021944183265914e-01
-5.992219538863282402e+00 2.685490029679271640e-01
-5.025926622920355413e+00 1.953941143988396079e-01
2.037134826935508514e+00 -9.731322295018607349e-02
-1.594805537709163223e+00 -1.150573273797116935e-01
4.062918850076830957e+00 1.471986233235615393e-01
2.026370657128386821e+00 -6.834871560666100528e-03
4.537582321657189333e+00 1.286071830155572637e-01
1.741172203285209497e+00 -3.820455491692456573e-02
3.236792317432083177e+00 1.680657412781721982e-01
1.242359855986355566e+00 -7.983067962337014878e-02
5.420405195072056870e+00 2.464346115013493210e-01
-2.424770830020095413e+00 -3.555394100556254211e-02
1.656961861911831368e+00 -1.260420276732281478e-02
1.196731318586772508e+00 -1.035039582123687962e-01
1.339599976367835232e+00 -5.752898148166156467e-02
-1.705549718423446270e+00 -7.411811731404323311e-02
-1.453892587598917041e+00 -1.071656941558571524e-01
2.809721258059711957e+00 1.029640353048456719e-01
-5.364028771729564937e+00 2.401994318881787993e-01
1.243308976737496296e+00 -8.545189324709161205e-02
4.497802610247224386e+00 1.618013315675929376e-01
2.846306136219339589e+00 -4.930966659334371123e-03
-1.645555217476447396e+00 -8.912690924731347941e-02
-3.728509221317386491e+00 5.543181055429712706e-02
-1.366462899237705475e+00 -1.132934045530652051e-01
-4.471559313369722233e+00 2.010070232691477943e-01
-3.601568195132119232e+00 9.962535990326384927e-02
-1.366186539565126479e+00 -1.221067955672530680e-01
-2.025053602669159236e+00 -4.807752583263908558e-02
9.044215392880005089e-01 -1.355776192259949831e-01
2.856392003595790374e+00 1.001162474742163383e-01
9.001849434247733983e-01 -1.278518009486988294e-01
-2.584736402910596365e+00 -1.748188222014696036e-02
-3.603724492697214288e+00 7.641316114317826813e-02
-9.148942866857519007e+00 5.104842215848743869e-01
3.453510993824341124e+00 -6.072011171668805635e-02
-1.707713834130236918e+00 -9.434537311905186185e-02
-4.884314935852813733e+00 1.238211653647375149e-01
1.929169228524677537e+00 -1.175054420948873080e-01
2.820792697836584484e+00 5.446907258168958398e-03
2.131225636096961029e+00 2.870084483940861866e-02
-2.075972049846465328e+00 -4.546182199402478558e-02
-2.698972154385010480e+00 2.002887928346750238e-02
1.256823122746749677e+00 -1.337462377142477898e-01
-2.276136364055769246e+00 -2.022644368131808548e-02
4.386140182146897049e-01 -1.929674190414704671e-01
1.071507719039368745e+01 6.136021245165683702e-01
-2.334064061958103231e+00 -2.469584796503982577e-02
9.998315687262085971e-01 -1.052918532901031407e-01
-1.977545375561906127e+00 -7.240444781026665610e-02
1.743653838865403483e+00 -1.006062801798868244e-03
1.949477855549845540e+00 1.301705266701358920e-03
-1.418705354633493343e+00 -9.929224531667883713e-02
2.853176011624666053e+00 6.010877372890013198e-02
-1.150775531378271710e+00 -1.320900754678122901e-01
-2.659522064982581036e+00 8.390912943095067689e-03
-1.658012725510181751e+00 -7.571745343110669602e-02
-3.029915937216707267e+00 1.566457709609995683e-02
-9.770008420936214577e+00 5.833151502973797919e-01
9.078540922190960760e-01 -1.330284192907199847e-01
-3.048981903659627068e+00 3.204487218184848968e-02
-7.465878670469213496e+00 3.801054876498647928e-01
6.266710960784831475e-01 -1.672252727695358598e-01
-1.077474787393824407e+00 -1.308188602777175524e-01
1.550003946445354108e+00 -6.869519562299239435e-02
-2.816314775053893715e+00 -6.018885607172778061e-04
-5.341387068366778124e+00 2.204374087165995311e-01
-3.458308160598840608e+00 6.644500886449702937e-02
1.825070478424561049e+00 1.500818336331113598e-02
-1.444994645948724399e+00 -1.348044734878424133e-01
3.679803284843401467e+00 1.792587443077303666e-01
2.273451767682248104e+00 -6.589589728755319842e-02
1.249172265371041979e+00 -8.267055154523496319e-02
8.143530203419688362e+00 4.365540732416962610e-01
-3.606971217250584338e+00 7.850067866897247892e-02
-2.324198367517917863e+00 -1.369773457865353442e-02
-2.480222882792300965e+00 -1.823050417040884136e-02
2.269112854386447609e+00 7.345633616360525142e-02
-1.833955576258976761e+00 -6.950817080842691675e-02
5.145250968075928633e+00 3.168834405001635240e-02
-4.907762824592461826e+00 1.810857230303264953e-01
-4.141729565395878554e-01 -1.901546226254094696e-01
1.082002506800069064e+01 2.306102255469169304e-01
3.112565623563205097e+00 3.295162648291267288e-02
-7.494802023913303968e-01 -1.649796881245952362e-01
-3.582804210417183555e+00 6.542850631565411135e-02
4.660034170621955241e+00 1.080404310022609338e-01
1.867255554639070558e+00 -7.493349057256323831e-02
-5.045718925935737120e-01 -2.071011274993714013e-01
1.923989867383832486e+00 2.684503856083092152e-02
-3.166107858837924560e+00 2.553322965161651872e-02
2.903963630747711022e+00 -6.489189326814687533e-03
-2.056962283932714186e+00 -7.012131738752530596e-02
-2.245978417631550705e+00 -3.706012662765274107e-02
-1.726003636585923262e+00 -8.774664185377162307e-02
1.099348016628774571e+00 -1.184283238508708896e-01
-1.742697210142461595e+00 -8.143783850274029235e-02
-2.499830105718202855e+00 7.230496842720773691e-03
-2.764128362904414438e+00 8.673296399868586637e-03
1.854718332091457977e+00 -5.699905304625512217e-03
-2.843356407797495766e+00 5.056063514112736287e-03
2.511419333424051548e+00 -1.433819981920233209e-02
2.421591800814451023e+00 -9.666229408730772632e-02
3.599549365959533009e+00 -1.156349059067513230e-01
-2.166496565802416896e+00 -3.169703967280670942e-02
3.347287317103201598e+00 3.860623053489780493e-02
1.217806355131306972e+00 -9.523280514653147122e-02
-3.593719511414832812e+00 5.815155680145300127e-02
3.529410840167185981e+00 1.204818254595580729e-01
-1.551494455971983877e+00 -8.535117724268154182e-02
2.030339583550966331e+00 3.622861037498512765e-02
4.383742907950122891e+00 2.017942005265057626e-01
-8.046565953352946554e-01 -1.552735865316620667e-01
3.044298167652789822e+00 -2.236080162689814688e-01
4.694103477764222099e+00 2.205319574474794708e-01
2.625894405691217237e+00 1.270256122206925853e-01
1.363387364723329886e+00 -5.910484663136906375e-02
-4.793548349791961982e+00 1.715385369379233971e-01
-4.115267241785338648e+00 9.925351789323036411e-02
-9.748814857929857247e-01 -1.472669190689349095e-01
-4.597278758369162333e+00 1.612286061965015616e-01
-1.946446721551321257e+00 -6.999575207711022928e-02
-6.211078453703674285e+00 2.967169830031759492e-01
9.986055963414861569e-01 -1.112767021147399032e-01
-1.512189891109964268e+00 -1.040770805459095144e-01
-4.054524190378733017e+00 9.531455305003151690e-02
2.666396896256000737e+00 -3.690080814013185773e-02
-1.110531719573329301e+00 -1.374849610550425150e-01
-1.213224726887913940e+00 -1.330816438977455163e-01
8.308440269526233823e-01 -1.357739508207300994e-01
1.700006004144452021e+00 -1.030635656072010839e-02
-1.418312787896857774e+00 -1.112210390661440146e-01
-1.550873409904260258e+00 -9.109584998722949911e-02
-1.776290342604644579e+00 -7.450777413033858598e-02
1.575079659311428681e+00 -9.899270369064293307e-02
-2.108521536008039376e+00 -4.886711597430054566e-02
-5.557233937732293683e+00 2.363083982963245233e-01
2.873377868707943872e+00 -2.524006029682947586e-02
-2.216965038667604304e+00 -3.624882889963566834e-02
4.285511920113113327e+00 1.994861668166113700e-03
-4.304105216279266344e+00 1.351067935647806417e-01
-5.025615206428397652e-01 -1.988477544733130153e-01
-1.906482823636620472e+00 -7.297518348447022685e-02
-2.130944540297750933e+00 -4.253528173812384100e-02
1.723980178180079204e+00 -1.274911693642614800e-03
4.203225023253532200e+00 1.870846521663279902e-02
-1.215557462720807225e+00 -1.396384890745006879e-01
-2.237758256511371613e+00 -3.651691389494027273e-02
3.104441135731959456e+00 1.127292960419833540e-01
1.254176389819318116e+00 -1.024631393309728272e-01
6.929116225504532878e+00 2.722155982984356681e-01
-1.601312759011924935e+00 -9.765116821816026416e-02
-1.695058353216570834e+00 -8.973726272812633520e-02
4.104337257137536277e+00 1.920130693663655574e-01
5.174108405656655307e+00 3.284150557734358267e-01
1.456115074148516042e+00 -4.566323817624357712e-02
-4.960506724076425122e+00 2.133815685347847102e-01
5.160135205141873627e+00 1.682426673734798914e-02
1.902955335263020409e+00 -2.539414549488356460e-02
-2.783212293629532041e+00 -2.348590478994260280e-03
-1.882615260407944469e+00 -4.699058861373389684e-02
1.589696297185434704e+00 -4.723148234488803304e-02
6.867521186106404052e+00 3.138542526668425259e-01
1.016176698441498516e+01 6.531881230847542685e-01
1.255382296528871011e+00 -6.543689174390018848e-02
4.881707792796974310e+00 1.815344592292299220e-01
3.463125588203882277e+00 5.798216142449182792e-02
1.827062107493429011e+00 -1.894756792000288834e-02
1.086482757894142281e+00 -9.378031596777818002e-02
-2.053989935017233481e+00 -5.587654508910983725e-02
1.683001878326727097e+00 -2.113356621016905523e-02
-2.414421519499770241e+00 -2.912950202672224750e-02
-1.500449773891263439e+00 -9.865015696782349075e-02
-2.240814137634008052e+00 -5.207985966846324227e-02
4.998377511184757260e+00 2.217444474291125622e-01
4.413394443750606300e+00 2.016305987831917002e-01
1.961108491105167939e+00 -8.792342996536171851e-02
-4.015065176769856414e+00 1.022223905207724076e-01
-2.354288109600513490e+00 -5.557359106000364646e-02
1.311694918462595005e+00 -7.014415713392717355e-02
-2.202584498283811865e+00 -6.321536377979412868e-02
4.868073339368704566e+00 7.363151792336664059e-02
1.104300632466688192e+00 -9.683622389398115204e-02
7.984763647087638194e-01 -1.426366724559612054e-01
3.076871076472482702e+00 2.651528708436273751e-02
1.114509525428789116e+00 -1.019437264773776497e-01
-1.766444167897895934e+00 -6.170875242376876180e-02
2.098974321396769760e+00 -1.843920353610317697e-02
-1.945608990962433449e+00 -5.796279956560135282e-02
-3.312701093194598378e+00 4.636966950107552360e-02
3.255868222962623904e+00 7.045972225550731216e-02
3.675810713214174630e+00 1.303333755099049529e-01
3.548679866429027996e+00 4.707817539368449461e-02
1.512459922706349991e+00 -3.723578533852179434e-02
-8.616454302305088575e+00 5.490173683672369132e-01
-3.102322683409406867e+00 1.494903032123305608e-02
-3.387153856845123823e+00 9.750458406889071783e-02
3.610766277231162391e+00 5.279012632922253784e-02
1.613091787316040193e+00 -2.604679120312094684e-02
9.808879981195079978e-01 -1.139044227414876403e-01
8.702840485928901026e-01 -1.222341784449384461e-01
-7.334521031106034927e-01 -1.692588660383480825e-01
1.160722831884762440e+00 -7.290858642131731182e-02
1.581243117954013622e+00 -3.926832854754127439e-02
1.647108521667409953e+00 -2.914661591737988458e-02
7.617513117513304843e-01 -1.454032828257807997e-01
8.784735022838637830e-01 -1.127399781600157691e-01
-3.312503903601210276e+00 6.316643613398442714e-02
-5.220358798305706038e+00 2.138825123087362556e-01
-3.150322391124584787e+00 1.219571522654063975e-02
1.334938554018596069e+00 -1.274493917054065062e-01
6.055381932160027070e+00 2.024712860826118066e-01
-1.172249605430624619e+00 -1.381315968679209250e-01
1.643688625841421613e+00 -2.129482999901284590e-02
5.994028304415507380e-01 -1.716571275009331210e-01
-3.843265713701411901e+00 1.171707023047956070e-01
-2.456127318794754100e+00 -2.687249930925354746e-02
2.797705130287492015e+00 -6.457969924285310304e-02
1.163841127177989154e+00 -8.199761432582620968e-02
-2.457226172117395802e+00 -2.430759439546495079e-02
-8.326937312501955235e-01 -1.717569773973915692e-01
-5.034213541725691687e-01 -1.772980766669422503e-01
-5.091051138979615587e+00 2.175085164213758082e-01
-2.800857802359353776e+00 4.903550793592233170e-03
1.199707908593380390e+00 -7.478326200517053379e-02
-1.399335314875560732e+00 -1.130567307027313256e-01
-3.906605395567555483e+00 1.277117801362622762e-01
-2.264746603250932910e+00 -1.327893007535805615e-02
1.551400298697089841e+00 -3.673787198081343575e-02
-2.144190939106777605e-01 -2.259006099744842178e-01
-2.763382052597517902e+00 7.931071342180334022e-03
-3.509378988161346413e+00 5.258177351848340036e-02
-3.622894238984060600e+00 7.308091658380795608e-02
2.609271859885342604e+00 -2.183852342555614532e-03
2.339020055765782313e+00 5.112477235430153838e-02
-3.817909274886457816e+00 1.075081513426089513e-01
2.447785291095770255e+00 9.320161167369311883e-02
1.927522469736385302e+00 -4.657822812280693753e-02
5.409141003296103811e+00 1.254600307207029697e-01
-1.269209078060600134e-02 -2.254016894359288370e-01
-3.703750364956231778e+00 6.563945313738622778e-02
-1.893491095681835823e+00 -7.152273672187321740e-02
-1.093682923934277351e+00 -1.436950929340342076e-01
1.828838528793241380e+00 -2.580184429480112188e-02
-3.699073872948969388e+00 8.317640575699608574e-02
1.296317832293290451e+00 -2.027460910335862621e-01
-2.017904849065961681e+00 -4.317886973201300049e-02
-1.507365856614254263e+00 -1.072485656788550595e-01
-3.064427516787056049e+00 3.074026098881634320e-02
1.011466173211830410e+00 -1.002900340330411255e-01
-1.687746148745836283e+00 -8.852483948035248795e-02
-1.810356885207480948e+00 -8.842283679442262956e-02
-1.114640381045071571e+00 -1.343562685298539394e-01
5.499705810968157138e+00 1.160307853614258866e-01
3.099066945148710062e+00 5.016291372255939594e-03
2.216493663203998654e+00 -1.130575052095895150e-01
-1.626139722896117412e+00 -9.300897224898452276e-02
5.773820114156934302e+00 1.712983730331104626e-01
-1.306461417064909147e+00 -1.092451385428680755e-01
-2.469743281426047599e+00 -1.906900210454311878e-02
1.648450817022892645e+00 -1.125760946370013976e-01
2.908654833416096430e+00 8.139136487130836650e-02
7.251719809353789348e-01 -1.437439456683087535e-01
2.807181563957938053e+00 5.360644609318430259e-02
-3.000467313906630462e+00 2.283946725617524293e-02
1.590673813576330753e+00 -9.778739416510930094e-02
5.175491065484076891e+00 1.562323657477936167e-01
1.554779138481687806e+00 -7.218117297345245931e-02
1.015351857848873385e+00 -1.115047994696839739e-01
-8.908228045130494044e-01 -1.557170619394677713e-01
2.551001615690517088e+00 7.021773981200561676e-02
-1.156580947044135499e+00 -1.198053688997198357e-01
1.321374598189109850e+00 -7.957843029927841316e-02
-1.608771153425319733e+00 -8.563414508222173815e-02
8.625630550335094959e-01 -1.228888060179895159e-01
-2.711729344842169986e+00 -6.670164441879387375e-03
-1.870895600410326987e+00 -8.165554938987205913e-02
5.493986187902637042e+00 2.157084850298386924e-01
-2.587283575906886846e+00 1.365561542143751625e-02
1.168384052159134212e+00 -8.301609027508309591e-02
2.692675061487321386e+00 7.083613454580717228e-02
1.976541504642341796e+00 2.913188316608427211e-02
1.087801594213557932e+00 -9.605754230818350226e-02
1.907261691971893880e+00 -3.527808631344967610e-02
1.531113925418866373e+00 -4.078672500365265741e-02
1.380365695541121651e+00 -5.189701764644129300e-02
-3.933850595358452384e+00 1.062215418241922310e-01
-1.603762369162774926e+00 -1.036255343366487836e-01
3.350063384601879246e+00 7.116861258538094079e-03
-2.658752370426395117e+00 -1.965283226104909756e-02
-1.661830888865678535e+00 -8.513570057417990666e-02
4.905842548893685873e+00 1.742176026744522710e-01
-1.321116021568522703e+00 -1.188343681519742900e-01
-1.835303827227463991e+00 -7.631466508423200013e-02
-2.328842803363117220e+00 -3.719592365458054828e-02
1.606992899564123611e+00 -9.857685208274609076e-03
7.887772687550812512e-01 -1.305877095575778413e-01
-5.588189866987483434e+00 2.331579498667353256e-01
8.027349020457749118e-01 -1.449317919296164159e-01
-1.828376972260682409e+00 -6.609145543428555925e-02
2.077474873573993630e+00 3.301396282314716241e-02
4.667527726225228157e+00 1.853975303051318413e-01
-1.764102740177332596e+00 -6.552497342819477155e-02
1.480001555024747395e+00 -4.087110747769302777e-02
2.560746217327953378e+00 4.559487811043942684e-02
2.062469231524812319e+00 -2.241414997658173341e-02
8.972730816901689499e-01 -1.222231289181087421e-01
-2.258860377250716756e+00 -4.449588140018492788e-02
-4.495854895652000138e+00 1.218535192883786616e-01
2.281621166771548026e+00 -5.709061352913317143e-03
1.195828390906400474e+00 -9.432187341771607059e-02
5.423758703811312643e+00 1.950230010185000917e-01
-1.645496381900438898e+00 -9.228617881090693531e-02
-1.579776127151812481e+00 -1.048624027940346926e-01
-2.981927309084812183e+00 2.469016240468125192e-02
2.163718730037395288e-01 -2.314862902407646417e-01
-3.532247221330504061e+00 8.826680779252411846e-02
4.289919667898045574e+00 1.236995292845506772e-01
5.985305700301877252e-01 -1.639362543736409272e-01
-3.831428839293123279e+00 8.532049552384998736e-02
-2.922573570562019718e+00 2.300995101522479783e-02
-2.066645767506647413e+00 -5.870636331528093776e-02
7.952978960247201190e-01 -1.527707196093253672e-01
9.830431736082347882e-01 -1.152466466009666041e-01
-1.308734188826496281e+00 -1.290214273895821384e-01
1.324284819416855941e+00 -6.971277040566195571e-02
4.232635366675200572e+00 2.864511445682343602e-02
1.609254677387043309e+00 -5.068976490650175387e-02
-8.498109704969296629e-01 -1.553912798745431534e-01
6.343494635483555300e+00 2.447432149330789064e-01
-3.655154182737397228e+00 8.096730015689120041e-02
-6.630873886482689272e+00 3.239017562447848442e-01
5.675442652565115820e-01 -1.666792861596775588e-01
1.213636606489971292e+00 -7.781145571049585818e-02
2.205605617747498748e+00 2.819074893976140569e-02
9.016856449447938626e-01 -1.327124755825413172e-01
1.274271360681571208e+00 -7.893569275668560481e-02
1.912122226320788432e+00 2.991487735430563982e-02
