-5.387513048361173063e+00 7.817281003648890447e+00
-4.894263416687952173e+00 5.594151478505854591e+00
5.333876630412465403e+00 -1.431783787057328894e+00
1.477481047559920269e+00 -6.590214805662059305e+00
8.191784576636798931e+00 8.897892459635448503e+00
-7.799821339732566194e+00 2.458927597929893238e+00
-8.521807911075155673e+00 1.136403355390388903e+01
7.884085585722280243e+00 1.453164677626919143e+00
1.554979784693438916e+01 -1.493916397327264001e+01
8.442029091217225556e+00 -5.500085570924890810e+00
-7.221154232310480481e+00 5.044119414443175131e+00
-2.812321144764004188e+00 3.184340470227578379e+00
6.802551184304598264e-01 1.487830763199336914e+01
1.620720974253519797e+00 -3.886538411371146307e+00
-5.657053924251409960e+00 2.402091432521220149e+00
-9.136215258403989736e+00 1.626153586655944672e+00
-1.181524997832546831e+01 4.411816662428883262e+00
-3.387213262137380276e+00 -7.587607659307352037e+00
-6.923321173397654960e+00 -2.553588964945266326e+00
-9.858640326018763389e+00 4.902553949874381090e+00
1.607290698880212787e+01 9.577157141350108205e+00
5.500452596606340450e+00 -9.698890536440737620e+00
4.917769370379854621e+00 -7.136499764366268650e+00
-4.648595713966516385e+00 -8.181860052002342343e+00
-5.219957510022230629e-01 3.111893797185560917e+00
1.366798085431328857e+01 -1.949698028211179768e+00
5.937284783933067800e+00 2.715571919787008071e+00
3.319242549993751679e-01 7.987654122105444898e+00
-2.406857502185507869e+00 1.865379043583989205e+00
-3.856541831842271062e+00 2.432463945045977738e+00
1.794826169186199039e+01 6.488584685486156189e+00
-3.274080621536635149e+00 1.196920213761673568e-01
2.952288755718203817e+00 -3.730841326529759971e+00
-5.243192225405445939e+00 -6.317319859212029876e+00
1.244555135670930923e+01 5.958883806544831963e+00
-6.712899225766463474e+00 -7.142079659407728265e+00
2.085654561769636217e+01 1.141705477030855320e+01
-2.434919818681910542e+00 1.374229622356246239e+01
-4.148439371072453419e+00 -2.874047476196378792e+00
4.577705110893194984e+00 -3.460403380230313353e+00
-7.129521583058816780e+00 -3.233546589803431903e+00
5.438357336001686804e+00 5.312951734488355893e-01
-2.983712006837564878e+00 -7.162166521549798048e+00
1.320848025909350909e+00 8.276402708880434389e+00
7.004577821215713485e+00 2.128543483207687270e+00
8.712059906640444495e+00 -9.699075679876623113e-01
-6.979990856980728964e+00 1.163779044971393972e+01
-1.091559216257147824e+01 -9.456337139209225029e+00
7.536151053644205788e+00 4.724485088671847244e+00
2.910078621145668176e+00 -7.441042853527250145e+00
8.135165585899244434e+00 3.979765663927015584e+00
-7.113647774861995288e+00 -2.355355447767046861e+00
-7.560374945983009631e+00 6.877879496034424278e+00
-9.912314835291762272e-01 4.634381316934093498e+00
2.201776715837504561e+00 1.137620976349571045e+01
1.028460621263907981e+01 6.770564851460926015e+00
2.564420861616951086e+01 4.804935510812133437e+00
1.991971944907943382e+00 4.489879513794586607e+00
-7.489322461441263457e+00 7.280569522732463383e+00
3.015427843292661780e+00 -6.362958108047696015e+00
2.639126527550247125e+00 -8.221611927898205607e+00
-2.938744177315569139e+00 2.760428540570123879e+00
5.664681825208732313e+00 1.655293548324211494e-01
2.721943596485477901e+00 -2.892245357112111837e+00
-3.545061796403481402e+00 -7.316663419751261443e+00
-7.814172231056855100e-01 -6.369955934724703894e+00
-5.635774426194122277e+00 -3.667192203492268820e+00
1.152087634637174229e+00 -2.838370240787368104e+00
-6.037178421596516742e+00 4.861141193489521228e+00
9.574860517200608490e-01 -4.581101613842651687e+00
1.554059403045750010e+01 -3.003521767772971529e+00
1.302794180043116423e-01 1.197332681400501642e+01
-4.708209093464637007e+00 -3.275919131538162610e+00
-3.711878858658587355e+00 1.037136131747099554e+01
-1.090779422048877834e+01 -6.219698736206440870e+00
-7.021227324171146478e-01 -1.626647590552392719e+00
-1.205380812387536515e+01 -1.062118270811421183e+01
-1.754293954384939269e+01 -4.753374011228574503e+00
-4.424274529657472144e+00 5.174552832202738983e+00
-9.639380286654525065e+00 -5.238042523301625231e+00
-8.032714128177520507e+00 7.796198308952147826e+00
-7.641239299163737009e+00 -2.187313188326725388e+00
-7.918974808200633042e+00 -8.276112713962444190e+00
-7.580589625012253308e+00 -5.857078327062202883e-01
4.464509310268731213e+00 -7.398271715800899706e+00
-2.290612693339241002e+00 4.880028500490154464e+00
-1.554760728113199653e+00 9.121180744639817206e+00
1.494912160387763578e+01 -3.626000036024556117e+00
1.041552387383113043e+01 -6.022287183657086374e+00
-2.720759046736460185e+00 6.494537555516824767e+00
-4.688546318090697440e+00 3.757432921812166260e+00
-1.288103273130118742e+00 2.215840675542852800e+00
2.019812626044230619e+00 3.726045136372207800e+00
1.034796420138794204e+01 6.679660495375273399e+00
3.733359198937598045e+00 -6.400883799247094608e-01
-5.599669129825142200e+00 -6.651206133377957741e+00
1.993925471271656846e+01 4.796852913253657036e+00
-8.694405597406907660e+00 -8.767349045857258716e+00
2.773292188735942521e+00 -4.227301708087783716e+00
3.549859866296206867e+00 9.074097838588253140e+00
-3.643491998560429046e+00 2.798196676515841474e+00
8.625224562141138307e+00 4.317499602638012135e+00
-4.531209224477680819e-01 -9.495209040510543375e+00
1.542433020279483458e+01 7.877149337812362262e+00
-4.310747394461141191e+00 5.414252821081237954e+00
3.239102659875696233e+00 -1.096014411977892955e+01
1.597176945001713655e+01 5.672443536794710361e+00
-5.103497138443310988e+00 -7.546376717570328907e+00
5.318246731158768448e+00 -1.290360596503492197e+01
1.040311261344400862e+01 -7.333587843493551972e+00
-2.058812712168563763e+00 -8.016437877152471358e+00
2.531924094880397824e+00 -3.809231564106092094e+00
-6.476326088195644815e+00 -3.288969784652236328e+00
3.860773808204922553e+00 -5.733901735311695447e+00
-4.329286724528813579e+00 5.025368711732102867e+00
-3.567852723572750850e+00 -9.514662212307315459e-01
-3.925754250959123670e+00 -4.883067413484089236e+00
-6.517619412684149127e-01 1.853041951409571908e+01
-1.785466244574736905e+00 4.673095862439232917e+00
-2.862106511331489411e+00 1.315285284060778004e+01
-5.258377908499690001e+00 -2.734892185417030941e+00
6.754432307306057481e+00 -4.082055101342658254e+00
-2.749289403924644493e+00 -2.998271513367062102e+00
1.272646824677674093e+00 6.480653371660075379e+00
-5.570557168069310450e+00 1.449346828087726102e+01
-3.429881387298693518e+00 1.424175570094120147e+01
-4.579527610349028777e+00 4.912052615494251206e+00
-2.383183329314105592e+00 1.760644074705412265e+01
2.080182008613413913e+01 -3.281072486991622128e+00
-1.065907615202979208e+01 1.600877141620179955e+01
-2.150974139739020075e+00 -5.940141047130589325e-01
5.680339147035629921e+00 -2.273291967138996839e+00
-9.433062443259929708e+00 -9.786831692284492235e+00
2.042819807290003453e+00 -1.481767000716426974e+00
2.967381672376891544e+01 -5.760246927585027876e+00
-1.137857455312437427e+00 1.881876583246991697e+00
5.386771324164768338e+00 -3.140803258487316896e+00
5.953380970931849703e+00 1.264628033646241256e+01
-1.339628503222806799e+01 3.553143882043791724e+00
-2.319621906885362961e-01 7.066734447459021240e+00
-3.820407995920997557e+00 -2.808956909601770580e+00
1.052309411823141971e+00 1.063300674916287925e+01
-6.196815539003250883e+00 1.126718624663333834e+01
1.151060817237051381e+01 -5.313275053307338069e+00
1.985123057639200939e+00 2.955405293293002167e+00
-4.666391338723698823e+00 -1.450114013824611359e+00
1.212047666585860739e+01 -4.705308057049511383e+00
1.175736234967019733e+00 -7.141497211807282142e+00
7.329967240874798229e+00 -5.103273263820645944e+00
1.005422397980468396e+00 -9.881696793229057363e+00
1.088459605550807785e+00 -4.990284382099418714e+00
-8.463334263737760210e+00 5.890139709496782228e-01
-2.459049685441452304e+00 4.181063925922070545e+00
5.679232570999094065e+00 4.355902450197733700e+00
-2.635097972566129876e+00 4.148073332863661200e+00
-4.670525877944298188e-01 -7.470512512653613157e+00
2.388337519999231162e+00 -3.130851082904917426e+00
1.725626905926138654e+00 -5.280558746784516089e+00
-2.109309239400314340e-01 -8.049896364876945043e+00
-9.597720973866342931e+00 2.321848649651546026e+00
-1.772210750591794115e+00 1.796603936872852358e+01
-1.186089972812238713e+01 3.402702708514404151e+00
-3.573487468328893524e+00 6.786944779011720996e+00
-1.909369956948892000e+00 -4.669245502084589994e+00
-9.084627947843236129e+00 -8.963950306058634965e+00
-3.088352018025918966e+00 9.186520753572755993e+00
-6.784241655085494038e+00 6.051345886550461017e+00
7.623189041846651470e+00 -7.708975175267630320e+00
3.339239392206980739e+00 1.415879870579176858e+00
-1.214649110008830357e+00 5.802756626940258400e+00
3.895160282924833961e+00 4.878653342013697269e+00
-1.730439765619647741e+00 2.186053843036905420e+00
-5.107244788092758725e+00 -1.894718249192277604e+00
-8.345212486783967876e+00 7.316791555354424936e+00
2.814030450591227250e+00 -1.040871224127832662e+01
-8.933838788257824959e+00 4.508717289813786167e+00
-3.437220574629076708e+00 -5.934113290556114251e+00
-1.387423019624889120e+00 1.226863851695269902e+00
-2.063789982640471532e+00 -1.170794620198277070e+00
-7.889805232486727604e+00 -2.916501675495608570e+00
-4.053788078892681668e+00 -4.153004907837821058e+00
-3.806395898828153435e+00 -1.363109858063215718e+00
1.005897165661025738e+01 2.905914217462749249e+00
-3.324867970634090675e+00 -3.867727394072344893e+00
-3.689456384880635209e+00 -1.405770782993286172e+00
7.828312569695629719e+00 -6.180419044349757307e+00
-5.517780182493571495e+00 3.732381894212030815e+00
-9.114817109659874461e+00 -9.670719436435760485e+00
6.713695479532518995e+00 -4.974089310649672413e+00
1.402337233783279569e+00 9.272896010805906641e+00
-9.391689874603169841e+00 2.719301290618161282e+00
-2.046303780532003902e-01 -4.588841659513625437e+00
1.190791011586608583e+01 -6.894418615040912357e+00
1.028467657324349105e+01 -6.025350152476037557e+00
-2.413285376835890617e+00 3.492151031697970254e+00
-4.559379429694470964e+00 1.038645271557718797e+00
1.079889875942511424e+01 -6.502511485600331653e+00
2.178533879247872118e+00 -3.940513839001915208e+00
6.719877259126803004e+00 2.521861281089381013e+00
-1.416372691718786569e+01 7.817727054380938512e-01
1.234243050451500601e+01 1.145045987196047754e+01
-5.815354448625605244e+00 2.665138866181363753e+00
2.754986690057612009e+01 -9.255236552108456749e+00
7.039151582057808554e+00 1.027713125424229323e+00
-1.231061183965718175e+00 -2.775232470958862052e+00
-2.486458605544106693e+00 -4.392892785466397498e+00
9.558480849161909987e+00 -1.459457349256126868e+01
-3.231062998222021143e+00 -6.458660750325322830e+00
-1.120079150340181329e+01 -3.299054892804230921e+00
-5.899252823814414626e+00 4.379429210843292175e+00
-9.884443219255278024e+00 -5.450115227507186688e+00
5.067662777869442969e+00 -1.009613607544716984e+01
1.052966586840106622e+01 -8.073056232841869573e+00
1.102354790617443925e+01 4.302938995320125803e-01
1.405762391161509584e+00 -6.083240516457931513e+00
-1.269136894502049095e+01 -1.421492108730012660e+01
-1.281843355019818098e+01 8.177707654515266711e+00
-1.244309991184332942e+00 -8.217912784903067092e+00
1.012808560976973027e+00 1.853623563570045363e+01
-1.625169007369580587e+00 -3.533927673599594588e+00
-9.957122103238975619e-01 1.328391833098373498e+00
-1.050863941489967956e+01 -7.615739395328661843e+00
-2.942763221121110551e+00 -3.393490705348812586e+00
1.349812178598183543e+01 4.283688721597275872e+00
-4.125806338804169471e+00 -3.387033160302110879e+00
6.782409729690889399e+00 1.427793803938961759e+01
3.387456485503892445e+00 -4.910999732233826798e+00
-1.223363238461618963e+01 -8.226339930229226383e+00
-9.167600527731263327e+00 -1.068231448464208633e+01
8.294357070247464492e+00 -1.040409349665796235e+01
-6.984035617459666945e+00 2.619967738344444186e-01
-2.914859990380922472e+00 7.191657039631642157e+00
2.806040723152511962e+00 5.317186137088773634e+00
-4.755898366113221698e+00 7.260771387491512741e+00
-3.434611940995791812e+00 -5.762928481769456823e+00
5.317672600852762166e+00 1.237749065812988647e+01
-4.132763164891786190e+00 -7.518195609170003735e+00
-6.738536903412890133e+00 -2.592240594494616523e+00
-7.278724113401006335e+00 4.601952895891210815e+00
-6.700230817401127581e+00 4.070793384730333919e+00
7.178384734192318817e+00 1.289268457660456413e+01
6.749462700987987951e+00 8.366285700080504650e-01
-3.000025280655991278e+00 -6.302743955462764447e+00
2.398436591433344311e+00 -2.882498009345069168e+00
6.334522045411628000e+00 -7.194618910590877547e+00
-2.553516175133899502e+00 -1.443415668271491814e+00
-7.003315863413588360e+00 2.526922223081427443e+00
-1.130305040463379562e+01 -5.944536073138448451e+00
6.876726718287518914e+00 1.291052348212470946e+00
-1.308173567962607642e+01 9.469981666419045041e-01
5.856445713959082866e+00 -8.070445894073069226e+00
-4.155542479465719197e+00 -4.036105209734211385e+00
3.759714530460682269e+00 7.949815449341146589e+00
2.119260168127774069e+00 -1.649153026142378575e+00
-3.634778168041599145e+00 5.464761003724136756e+00
-9.145279843890502747e+00 -6.345928338998204410e+00
-1.044118752071213940e+01 -7.129633312914429588e+00
-2.988410009117378863e+00 -3.544639091207494985e+00
2.552555729031413279e+01 -1.391381010469469270e+00
1.517599294874723626e+01 -5.304620305063536989e+00
3.947980591468401634e+00 6.044447696104519041e-01
-7.320483315173558214e-01 -4.676764112802833218e+00
8.757244243335897238e+00 -8.904028803718070151e+00
1.089927940879472246e+01 -2.438168790455357726e+00
-2.133513495362117762e+00 -8.730082367776958563e+00
-4.787034616376027785e+00 3.162319674208239118e+00
-6.995450673045297663e+00 -1.115878024742375807e+01
6.769787841711909060e+00 3.958032953437466084e+00
1.150384129771800490e+00 3.006037802913403834e+00
1.483370551698758888e+01 -6.055035210934042844e+00
-5.966530381204360189e-02 6.336317761380944269e+00
-9.252668537305272167e+00 -8.611096434191390259e+00
2.823321410486619953e+01 -7.073104789239627266e+00
-5.102963889370137451e+00 -8.594711813476960671e+00
6.046209355739915026e+00 -1.431670766976472997e+00
-1.087334118780889547e+01 -6.327925428440546618e+00
4.151817087572145404e+00 6.332445406592157600e-02
-4.984997397329982149e-02 1.224752796781431341e+00
3.151806756919468988e+00 1.258991050169207782e+01
-1.079976127647815609e+01 -1.436317619160267345e+00
-1.276500525441134570e+00 6.393216042563389934e+00
-1.394761866563808184e+00 8.311107814722095144e-01
1.645090119618990876e+00 -4.730878168231434699e+00
9.025552231309286189e-01 3.264578355781563967e+00
4.365937928658644829e+00 5.749794616965663963e+00
9.679017820443590381e+00 -3.016990767590959521e+00
1.891595408493654418e+01 5.227483374578195452e+00
1.457218737205477943e+01 -5.740610757275536713e+00
7.495649579428526721e+00 -3.564741428093559428e+00
3.541691271231126148e+00 1.003004238509447710e+01
1.567344737200808424e+01 -3.170899044741616102e+00
-8.680903597944695349e+00 -4.213444274211989971e+00
-4.857804836586566921e+00 -5.934997727719474980e+00
1.096469052054594684e+01 4.711711992838746532e+00
4.489674021840203366e+00 2.583111794196597977e+00
-9.741100585244288013e+00 3.904445876688209083e+00
-5.496129826567586640e+00 -2.341289155880408313e+00
-1.260685142398543235e+01 -5.694162328263448813e+00
-2.508734103188395181e+00 1.099667722658972480e+01
3.204477215657955291e+00 -3.050799569441421166e+00
-2.268827993662589915e+00 -2.879831713143442329e+00
-1.024375113524289915e+01 -6.735761002239829764e+00
-2.923540363420642940e+00 4.374011320343370812e+00
-8.120908508945825943e+00 -5.305182026785757454e-01
2.409770038884158971e+00 -1.366718725327818351e+00
1.380092630037493828e+00 9.613509686199552817e+00
6.435854481966510221e+00 1.931059245808282654e+01
-7.818331600948233984e+00 4.559059738384359406e+00
1.403987587957902239e+00 1.225100090020092658e+01
1.202470973192455883e+00 -2.732443297468545751e+00
1.212796505355413323e+01 -2.436746848510651375e-02
-2.173078772086653121e+00 -6.959153753587949964e+00
6.198955863377693110e-01 -1.111687675274578702e+01
1.168034298394157844e+00 -2.672425055132304106e+00
-4.498505660780987014e+00 6.170553133945595903e+00
1.145780051642109498e+01 5.890669916455122390e+00
2.662986704979246166e+00 -1.331284944314429008e+00
-1.519736160369786404e+01 -1.007801583994336525e+01
4.788391342876495038e+00 -6.090535255742975274e+00
3.727566771835258974e-01 2.089913268818527570e+00
-1.345974671586860083e+01 4.281558402290971399e-01
-1.060396576152416159e+01 2.828873561602934572e+00
-4.700389965438897200e+00 1.241644462993954035e+00
-1.119557048075569838e+01 -6.794864746603771266e+00
-5.625496008378837232e+00 2.909688713902418011e-01
-7.113373343680509109e+00 -6.336475413624646613e+00
-5.332246283581827395e-01 1.777241307914925628e+00
-1.004771619616997924e+01 -4.521461147215376286e+00
-4.109414527742700329e+00 -4.732985329992992263e+00
-1.041154363952429840e+01 -5.918325261380696034e+00
-3.583642475932930616e+00 1.354295298321681384e+00
-1.051749236126454434e+00 -3.245926979195417061e+00
1.247256030491649526e+01 -3.245874950238666568e+00
-2.023585626477940380e+00 4.773642700920727400e+00
5.503279745102220843e+00 -7.245870913943227798e+00
9.501680041378069319e+00 -5.605204135051446102e+00
5.036740424710078656e+00 8.395957139446091233e+00
-1.345220440018118913e-02 1.125073593759732482e+01
3.889201338779897821e+00 -4.825781419700079233e-01
1.009403596261728886e+01 7.960678493767685993e+00
-2.396725772759882744e+00 7.436580932944299782e+00
4.251594487352762464e+00 -6.368805560616525696e+00
-1.047689677828259391e+01 -4.251332612934557886e+00
-7.070740943742487516e+00 5.923169705533075202e+00
-4.129265157906806039e+00 1.381521997444582972e+01
-8.121006042444695039e-01 -1.127094957852044610e+00
-8.258331058013657966e+00 2.406966511798012576e+00
-1.122519322349300452e+01 -6.864988037970846335e+00
1.575761615283747119e+01 -6.507956699696149094e-01
1.658641782515674290e+00 -9.433631482975423310e+00
3.562478302958927312e+00 -4.225872672785422779e+00
2.968343007094597752e+00 -2.231262854251479411e+00
1.184411534089742313e+00 1.118358330470372053e+01
1.442705116535869525e-01 2.825381124293412594e+00
-6.880488882688316821e+00 3.168353432034762385e+00
8.267480751742830591e+00 -4.380000131004756270e+00
-9.876580991097924311e+00 -1.077491126669188448e+00
-7.038034872011504461e+00 -1.048500658577376932e+01
1.170285460968689462e+00 -7.705723853505014986e+00
8.344256450745370923e-01 1.488407804994433015e+01
2.289332308875842159e+00 7.734385295949323336e+00
-6.604705639119929472e+00 -2.709592280350511917e+00
6.315930175462494134e-01 7.936402711468055760e-01
6.669592161178919731e+00 -6.828013142419777637e+00
4.164073869125174632e+00 1.231598926548114648e+00
7.267057197380236921e+00 -6.798448397029416057e+00
3.871718464168045326e+00 4.723404621267540016e+00
-6.556704272825911950e+00 1.415531593799317145e+00
-9.262604498862008207e-01 2.649825947549915295e+00
-9.662153839181645054e+00 2.430108250942250692e+00
-4.174259152007667950e+00 7.066081249686376964e+00
1.004160676292535825e+01 4.874915377388227888e+00
8.038136862509237091e+00 5.505545623521526544e+00
8.205271107016166354e+00 -7.742175769088877502e+00
-1.665398018755235743e+00 9.998325946882797410e+00
-4.544919546424931234e+00 -2.441627023749916248e+00
-9.449223817263288083e-01 6.210342272537040742e+00
7.987677455750306521e+00 -2.914180192967525063e+00
2.323802287018656987e+00 3.522854717792426871e-01
-8.982253536789094994e+00 -2.496439717192178609e+00
4.933260526764444265e+00 9.975282060048714428e+00
-8.968951950398094120e-01 2.389993118440166153e+00
-5.400964130084282111e+00 -6.316595179912123825e+00
-3.840445682347798595e+00 -7.504067774557507953e+00
8.987403437255098382e+00 -2.585950859349011921e+00
-4.828351319516436035e+00 -1.425782908324070952e+00
-6.045955355679994980e-01 3.698731003188822974e+00
-5.010769590215187197e-01 -1.013091429795464737e+00
3.848695814493434675e+00 4.299672501284278248e+00
8.992353930636036718e-01 2.492946838651697306e+00
-5.315389017916002601e+00 8.377169063658728376e+00
-6.596154573270163191e+00 -4.503918040217842922e+00
6.005919969578565443e+00 7.119888326940232659e+00
3.383873378088094963e+00 -2.372987766717009173e+00
7.807399024608088212e+00 -4.471658183872593284e+00
2.671949684312601381e+00 -3.044113439030959878e+00
1.442361116217457662e+00 6.094515476463732151e-01
-8.907644835740686773e+00 5.579851248616041204e+00
-3.565984579666471532e+00 1.877925402023879364e+00
-7.405751106633381653e+00 -2.442361055716736562e+00
4.545611686229051429e+00 4.372075971855482024e+00
-3.636617906620765783e+00 -4.860441986505171563e+00
-9.022999058593367039e+00 3.042016805483385156e+00
1.378296131904906119e+01 1.564365601112169157e+00
-6.779520591698910081e+00 -2.178823298370255124e+00
8.675336255910981009e+00 -7.835335241852598109e+00
3.214073402528784484e+00 2.643802014163239900e+00
-1.174667746662047563e+01 -7.390929994335624365e+00
-1.638900879546636880e+00 -4.474505990309909365e+00
-6.003163392759097050e+00 -5.194233551303073071e+00
-9.480619721393271249e+00 -1.146212707253799401e+01
6.469592526909800689e+00 -1.388213623766012317e+00
-6.672108060327788692e+00 4.305284820855815653e+00
3.741793089247843263e+00 -1.060809488879905338e+00
-6.488035046747862467e+00 1.848497205865857307e+00
-4.651794830790618285e+00 6.213519842784051228e+00
-8.709701650871647161e+00 -6.433213432794311792e+00
-4.667257876911882875e+00 -3.324093137931702024e+00
3.495579483523392650e+00 -6.541743229966479944e+00
-9.491143916318531382e+00 -1.195143080595284957e+01
-8.699364629392585258e-01 1.386357841473488062e+00
7.091637368184351864e+00 2.837563371414496771e+00
-4.237471469999674945e+00 7.810057832231238173e+00
-5.862731318963017912e+00 -9.396796304849928116e-01
7.377140608854611870e+00 -3.558696430652968701e+00
1.795755967091357874e+00 -1.034770911805586024e+01
-2.675220105408480098e+00 -5.849520681484297491e+00
-3.211894746574315285e+00 -2.039727952674319500e-01
-1.607326533036699479e+00 1.478833682905645475e+01
-1.287718785549858858e+00 -4.324535158878934915e+00
-4.456300452599130324e+00 -4.684062341823399755e+00
-1.084281397327956142e+01 2.292713631326334323e+00
7.227155676948986418e-01 1.201893316455601712e-01
-2.884182139597322170e+00 -1.227312932607729223e-01
-2.525757223080565828e-01 7.041550291237267167e+00
-9.975695948049651207e+00 4.926339487363744496e+00
6.703779690587408524e+00 3.810463650426780813e+00
-3.306007641578954548e+00 9.541284157373716157e-01
3.982829077276774399e+01 -1.230702998168100493e+01
2.543212524666313534e+00 6.468795367642968586e+00
1.273555484637863700e+01 -5.165236008985809590e+00
-5.629665534886246547e+00 -5.963732919927023701e+00
1.611668821061249313e+00 8.499406964151452470e-01
7.527208688522511792e+00 1.917059870705908153e+01
5.077672819322151199e+00 3.371729198751713952e+00
-1.017809013567748977e+01 2.535174955652347073e+00
2.502446794257532758e+01 -9.751622452589836509e-01
-9.593393581065749132e+00 -1.064864540313916841e+01
5.129711454062035436e+00 -8.850687823520402731e+00
1.241437313520342656e+01 4.769470068716344713e+00
-1.537266779807406891e-01 6.716383511027841813e+00
6.239945573232665854e-01 -2.218284058984162144e+00
2.144447636631222842e+00 8.153239139137603786e+00
-2.266712249627576004e+00 1.597106968043887631e+00
-6.747518339312059688e+00 -6.927233711466118216e+00
1.145542265414305483e+01 -2.395968251797492288e-01
-8.548363477156161849e+00 5.020316687215429674e+00
1.180248552175985743e+01 -2.427752028612291113e+00
-1.160703492638791801e+01 1.012095537946046875e+01
4.341936704240922040e+00 -2.646464423718932313e+00
-6.485160558336535708e+00 -7.671253942348137400e+00
2.532603209965069269e+00 1.559549634929812356e+00
1.132571703539770436e+00 -6.546695728308139506e-01
-2.095515878672522092e+00 -3.314395428413019928e+00
-7.615230171632017431e+00 -2.807992996972298094e+00
-8.109350454668087238e+00 5.208950212806701785e+00
4.442673664717448290e+00 -3.772170380491290054e+00
-2.626190288838786913e+00 -4.197951352893571020e+00
9.602367598190117093e+00 -1.196348944839436612e+01
3.645492588388496991e+00 5.850436713854456627e+00
-4.061515686267158642e+00 8.562244549611843780e-01
-1.587701731487727308e-01 -2.727766773090833929e+00
6.885373688244971202e-01 -4.800866306245281656e+00
-8.829246659504077499e+00 -4.603254040932482027e+00
1.159137990037681920e+00 1.040563217230850945e+01
4.384281802972417985e+00 2.196184479864276007e+00
-2.875676445016308147e+00 7.183430020305287655e+00
-2.606652843518580731e+00 7.439238167553464010e+00
-3.228412117798561187e+00 1.252190272674959459e+01
-9.670195088681019513e+00 5.283452094208195504e+00
5.321863026977797340e+00 4.252632934843503243e+00
-6.546174164519421801e+00 -7.002498762999683102e+00
-7.477037941434818258e+00 -6.800722760207067452e+00
-7.790442321037867046e+00 5.012514615593775424e+00
-3.839556866373810884e+00 -4.164099760741487799e+00
-8.426786879041683775e+00 4.621328474356513283e+00
-6.196840354587843436e+00 6.639242895909298170e+00
7.820338199435337145e+00 1.761260717902915474e+01
-2.854066255141716191e+00 1.112583928604462358e+01
7.443313486586307093e-01 9.760530718252837801e+00
1.590226151164693036e+01 -1.088701241913276618e+01
-1.080828602129438876e+00 -6.086755771315194963e+00
-1.464324808223440577e-01 -6.413732737721170807e+00
-1.033186670117002048e+00 -5.785165812049457124e+00
-1.812160761994230151e+00 -1.130076940903080418e+00
1.647897422385981248e+00 7.776704172240286539e+00
-8.626661224854492716e-02 -4.821716282532277909e+00
-6.090600825914968652e+00 -3.840097662195874673e+00
-2.682642109728488045e+00 -5.581539914255287727e+00
2.511832373871754065e+00 6.667162640401095075e+00
-6.571843741110507509e+00 -7.645601590308458206e+00
-1.008983391614691971e+00 2.423430654018948083e+00
4.903798516600007318e+00 -5.846675383217085020e+00
