5.831114885537527215e+00 -3.206318685205872043e+00
-6.749602701403953908e+00 -2.865166206846418984e-01
-4.665358636404171033e-01 7.321238163271428512e+00
2.043555219774214615e-01 4.397947578551781866e-01
-3.806139056778760299e+00 -9.579140845162421591e-01
9.526417836751503720e-02 -2.310595666758599176e+00
-4.100893516998760369e+00 2.184449587327950582e+00
-2.627267569702489869e+00 -1.120794805743220879e+00
2.303881136747717218e+00 -5.718357394966551155e-01
-4.510905800332785986e+00 -1.502870308048602555e+00
1.212902780509516720e+00 -7.559919427705912298e-01
-1.072946121064402708e-01 1.050813640949220362e+00
-3.319159121923837663e+00 -1.261401371360012735e+00
2.673182274095045940e+00 -1.773008068159456441e+00
-3.070466062733733903e+00 -1.364772900593703930e+00
-4.940434342421293756e+00 8.322346020231784491e-01
-4.435978755597359324e+00 1.750301930948386042e+00
1.004827273929823184e+00 1.084674633122418297e-01
1.731155131081997256e+00 9.561849346866639010e+00
-2.707444935688448684e+00 -8.269063186070543248e-01
6.782195567533136904e-01 -5.772454082292998168e-01
7.582684855269349322e-01 1.551110494108159266e+00
-3.616489557277485556e+00 1.015393927045315170e+00
1.226883721211543943e+01 -3.084988738688795529e+00
1.057811547597519608e+00 -1.361127647656986461e+00
6.517581532600919658e+00 2.810570980401829289e+00
-4.981541904727307291e+00 -1.905863392495486808e-01
1.114338990053705736e+00 6.769492247500436655e+00
6.680140289670885245e+00 -3.841305636134123791e+00
2.536760150442784134e+00 -1.900258289612518858e+00
1.498739590051614723e+00 -1.220288036085581007e+00
4.630333963450982360e+00 -2.645928864214516230e-01
-1.370867055019706182e+00 -2.171654106667226802e+00
-6.154982961446124001e+00 1.585893307399798946e+00
-3.531508977928938364e+00 -2.774402702766496920e-01
3.001678825840131903e+00 -2.280584127492820468e+00
-7.903562512988681066e-01 -1.953186505095306780e+00
-5.798446561293186363e+00 -4.579138738700635480e-01
1.831478503465700403e+00 2.551207757556789968e+00
3.788424690880506596e+00 -1.276704597604593872e+00
3.184741736969023407e+00 -2.416167351560733589e+00
8.418666147833782532e+00 9.826194883909382227e+00
1.449961944456479124e+01 -1.438890799275147625e+00
1.063250396353899063e+01 -1.155952933799127225e+00
-4.367144995092710147e+00 -5.158278522888561923e-01
-2.815607134662760469e+00 3.519599735101083815e-02
-6.161931769439598305e+00 -3.711015691875750311e-01
1.958499819675880493e+00 -2.768384575745299614e+00
9.078739648648607385e+00 -4.010528610916188619e+00
-2.254913637922959957e+00 2.711188849049023020e+00
1.056049078695998178e+00 -1.157575444907477324e+00
2.296856631093560530e+00 5.283397234576553636e+00
3.204880971242681786e-01 -1.526326759986050385e+00
4.414007225957680802e+00 -3.260151584600991637e+00
-2.677917300426350788e+00 -5.892046818727136870e-01
1.364799782011715479e+00 -5.662399927545561651e-01
-1.307618414690025377e+00 -2.323356434410173588e+00
-4.415112802267525893e+00 6.430346386261825975e-01
-3.549819100036621489e+00 7.971028583508066312e-02
2.039377106628991410e+00 1.895014166806740175e+00
-3.764815915133362001e+00 -1.622515303282704657e+00
-5.576262332112233544e+00 8.922542607777707302e-02
-2.864609648712136414e-01 3.109807105935255001e-01
2.158915640359669041e-01 -1.691499895137797083e+00
-4.915075408850381855e+00 -1.067759730299179255e-01
3.914834316474586906e+00 -2.931235393561705038e+00
-3.196901694962478224e+00 -3.785985813222520480e-01
-2.241681445801389838e+00 -2.928989202296589656e-01
-4.227067066237371940e+00 2.802412304140736499e+00
5.345558750877843934e+00 6.236574180596720085e-01
-4.087323269888866406e+00 -5.304550797254580230e-01
2.133991733674018842e+00 -1.394206974303749957e+00
1.529005243925408264e+00 6.969065097949589394e+00
1.310650382628558486e+00 4.204920377401270004e-01
2.717091215895447665e+00 -3.010956325391932253e+00
-4.402464272058210781e+00 -4.813642975161216975e-01
2.899728761665585908e-01 -1.113150157473180579e+00
-3.285464891769532603e+00 -8.464197431246790471e-01
-2.922269527360827457e+00 -1.065521514724290908e+00
4.684665209845439549e+00 -3.858504690923659997e+00
2.481247350305397781e+00 -2.667108835866903505e+00
6.767256051983582488e+00 1.387219390796877283e+00
-2.197751232080451533e+00 -2.120722970053414425e-01
-5.294048358639292573e+00 -7.206622283470843771e-01
-3.422693324231553369e+00 1.461815010613041643e+00
-2.545204833637377373e+00 3.771039474118328405e-01
-3.220035132983548820e+00 -9.607189057411633648e-01
-1.067538105999660258e+00 4.162273776989807494e+00
-3.273589902055573209e+00 -2.160296388075027552e-01
4.860484435989988583e+00 -2.046237312183443624e+00
2.099160560779470774e+00 -1.225082302444575610e+00
-2.062839023368878699e+00 -8.775583761194319377e-02
9.532963508256442342e-01 -1.158371318225066782e+00
-2.776862006130945026e+00 -1.383702768477186762e+00
6.270224018390048171e-01 1.954687400556856414e+00
1.257810339452995585e+00 -1.018767160156422297e-01
4.352608656066612181e-01 -2.669896939411855463e+00
1.545328325106761325e+00 5.410218379756662754e-01
9.843295694388826123e-01 -3.008181211419458934e-01
6.461693113434180402e-01 -1.374300908392438014e+00
-3.930017735480794805e+00 2.575067808453051832e+00
-5.566011363481567997e+00 -8.616472319535180280e-02
1.137293714393861732e+00 -9.327158162096046423e-01
-6.755695495996759670e-01 -1.247199681377032521e+00
-2.630455619001609846e-01 -2.244793409389967742e+00
6.443599827786725243e+00 -3.469398591544761018e-02
5.326966755564565226e+00 -4.302585214143799242e+00
5.118640160488428847e+00 8.212813626316918247e-01
6.746233209319362878e+00 -2.578592269310110208e+00
-1.657328001938637829e+00 -1.320110844508246117e+00
5.004652143448144047e-02 -6.809991297628472662e-01
-4.896012020540646326e+00 1.687551315577531463e+00
-2.336703770937901936e+00 -4.661591133592959402e-01
-1.532994661296395444e-01 -2.421240800197697940e+00
-3.346259477643453106e+00 -6.562070289527657252e-01
1.466755750443487383e+00 -2.064731220479182561e+00
-1.184532591669234386e-02 -6.859399086284058145e-01
-4.621040531274077878e+00 -2.343976608243043824e-01
-3.243801555585645868e+00 -2.383814611343851031e-01
1.882337664886922779e+00 5.983506765965090901e-01
2.793190727733517065e+00 -3.049468541513626896e+00
1.833172366405193765e+00 -2.518977509067423348e+00
-4.165209679297723344e-01 5.633696819505090714e-01
3.604123984962473992e-01 4.104109160142566104e+00
-9.417658156285265703e-01 -7.594249656290109618e-01
-2.544276984826140620e+00 -1.520736808901948622e+00
-1.652852015424018717e+00 -1.878573806994417783e+00
4.614512457473685991e+00 1.500421531227925209e+00
4.032982513136962766e+00 -6.721336258157156740e-01
2.307616900703873597e+00 -7.648592350719453092e-01
-1.787481055052354273e-01 5.815209256847587938e+00
6.799361923466771263e-01 1.002072632474512615e+00
2.235793965515586734e-01 3.244683860679458687e-01
4.107333859740863069e+00 -2.432702660585821519e+00
-1.628204959203353175e+00 1.454165731696970942e+00
-2.601679529734857610e+00 -9.904004205108474235e-01
7.634898322943838522e+00 -3.320762996612212969e+00
-1.688151216453519787e-01 -7.073191598715241613e-01
-8.036595530235662865e-01 -7.290762123711274079e-01
-3.912806086522085280e+00 2.261344172717234091e+00
-2.060901580433726732e+00 2.658615521270325743e+00
-3.876558287413802151e-01 -2.349777451214760227e+00
-6.521553252560839731e+00 -3.319232004282042237e-01
-4.770808019426220348e-01 1.264653680414518089e+00
-3.067489100500632393e+00 -1.079616756675130795e-02
3.438925697904780865e+00 4.943489007673586677e+00
-5.642177416484140950e-01 -1.972416901066543549e+00
2.393764738121391122e+00 1.505002068152677008e+00
-1.238392906940822824e+00 -1.106220254457761509e+00
-3.198968320223159356e+00 3.306180691768852320e+00
5.265685244598317105e+00 1.599682336595163124e+00
-1.816161380929538938e+00 -3.367802597344135562e-01
-3.941613035675334054e+00 -2.331197775263107175e-01
-1.810679582618845762e+00 -1.618116964201460561e+00
1.296401345448489950e+00 1.330358666971507198e+01
-1.422769238835690730e+00 2.517885424743156353e+00
-2.953032073533664814e+00 -8.603987842026864508e-01
3.434663276903079376e-01 4.932452465934065167e-01
2.091694020761969419e-01 -3.193790628472401139e+00
-2.813458338736583908e+00 -5.278192542526084496e-01
-2.342302261186873236e-01 -9.178207340528220515e-01
-3.504875949290738646e+00 7.496198422739812350e-02
-3.357154907760742546e+00 8.667420537999536156e-01
2.227536989706073278e+00 1.721739081063190235e-01
-3.094328249346091297e+00 3.357798711868932973e+00
-1.536662629544194747e+00 -8.231042873094878143e-01
3.230002047378185637e+00 -1.580941824896297865e+00
-4.409075206240583578e-01 -1.074981375985496923e+00
6.304639172183320595e-01 -1.557793367121698358e+00
1.202929587641894926e+01 -1.596736318402419696e+00
6.250824452243297635e-01 7.134396963735767372e+00
8.928993981295541005e-01 -1.020248986100686706e+00
-9.248206515976973296e-01 8.741471049450270092e-01
-2.805754464478168231e+00 5.919423188007312264e-01
1.151854391478505590e+01 -2.741499662899045120e+00
-2.207542190231365886e+00 -1.375426990615367995e+00
-1.689439586794449166e+00 -5.485217783603577590e-01
-2.977850616238175263e+00 7.787138321809578656e+00
1.547559498330830063e+00 -8.427637906970850690e-01
1.713736103303829861e+00 -1.172347744835201766e+00
1.653835605313066504e+00 2.000668953545111872e+00
-4.367216285665380227e+00 3.643384554046233070e+00
5.621565985609298544e+00 -9.677244560141160523e-01
6.455999102237726106e+00 -3.350306021106615351e+00
-3.376405542992352515e+00 -3.028507826189735241e-01
-5.833378648666803556e+00 2.872664733926711733e+00
3.033607668079949526e+00 1.327395737656707382e-02
1.682229991997735485e+00 -2.469280902885905016e-01
-5.108938489069448252e+00 -7.751390952325867834e-02
2.807945590042134398e+00 9.634518138638942020e+00
-8.143469534877431082e-01 -1.003084990846339508e+00
-1.701828016681798728e+00 -1.517616007108091525e+00
-1.621629191791195357e+00 -4.659704820549624427e-01
-3.286343143892327845e+00 -2.103190294331227506e+00
-9.674909717704638368e-01 -8.177451913732667332e-01
-1.364706698116948447e+00 -9.109269369576320496e-01
7.796136083519409787e+00 1.949041966232688106e+00
-5.910786091959283617e-01 -1.473916498927679841e+00
7.790692938168165549e-01 -4.304385373236161993e-01
1.599645002492831036e+00 -3.143211329762053197e+00
-2.920482834529286364e+00 -1.607048346067286859e+00
-2.106153567536688698e+00 -3.181311681645712566e-03
-2.247998494649812606e+00 -1.526310317712753717e+00
-2.929999947531766735e-01 1.361872009802605338e-02
1.420342299383803963e+00 4.843460594034799255e-02
-3.411794406110479905e+00 5.086700149494459922e+00
-4.527298331782942498e+00 5.986179330869937587e+00
5.468293179320773412e+00 -3.419692599749904804e+00
1.500374128550343134e+00 1.532285590247284546e+01
5.612974876465013807e+00 -2.505366323813545737e+00
6.044382986072533992e-01 -2.306439708699280722e+00
-5.297614179351332275e+00 4.283514955666064550e-01
-1.017731434840316807e+00 -2.527314654077949641e+00
-3.047978734872984319e+00 2.093699337351519141e+00
-3.565438263898191629e+00 -2.044672959558480330e-01
6.014776652002931101e+00 3.511399077073744213e+00
3.946046101148875884e+00 -1.367890202204398609e+00
2.468128875325044991e+00 -3.272616183037540427e+00
-1.884901371558338257e+00 -1.671408224255575892e+00
-2.673392990483251630e+00 -1.582363422454591051e+00
-1.128166565111663050e-01 -1.587374563271087613e+00
2.001798212495987439e+00 -2.004351412553504463e+00
2.425089290203218173e+00 1.713112906607797414e-01
1.235782412322475321e-01 -5.074817392706357788e-01
-2.167054220494541994e+00 -8.305541293812176429e-01
5.560984665606216737e+00 -9.922603407037808854e-01
-4.104246520448736391e+00 -2.705485249043291240e-01
1.579834000054828769e+00 -1.035413815698782436e-01
1.244746293525849268e+01 7.863734363572849162e+00
4.258223137829021177e+00 4.899199621703911878e-02
9.191877272261259613e-01 -1.411263184779881108e+00
-3.581852210006092552e+00 -4.425458060519928960e-01
-1.068635362906732666e+00 -5.990251276662920121e-01
1.859077145151444066e+00 -1.948626144999959786e+00
4.541892629539123760e+00 1.675193283193842309e+00
3.975242131658611289e+00 -2.336991133011169897e+00
3.289652763750188669e+00 -7.939907856554778015e-03
-6.071581369062784006e+00 1.952256175877289945e-02
-6.388720591405211202e+00 1.336694619701563336e-01
-6.108424371106243589e-01 -1.718843415209524661e+00
4.206663740617800684e+00 -3.119220097410666082e+00
-3.094610582887703742e+00 -4.366006185507369519e-01
1.514791502335023798e+00 -2.482291804881622266e+00
1.419619811595502767e+00 -2.476361936750833159e+00
-3.474017297642938207e+00 6.308194271065354908e-01
-2.539883706691945076e+00 1.005847211957324294e+00
-2.498136456925568627e+00 1.222774006128503899e-01
7.649717427727670271e-01 4.180076233108136918e+00
1.856166719165444512e+00 4.346460514180616741e+00
-3.809439376782740805e+00 4.416464310670018545e-01
3.309083372440304149e+00 2.176382316032667852e+00
-5.802340719303678007e+00 2.072604581816267777e-01
5.424857041969897153e+00 7.237884669235030710e-01
-4.375333718902787994e-01 -7.573002132232811157e-01
-4.760035026505041067e+00 2.596340887121814101e-01
-4.426243762317929153e+00 1.786101387946722907e+00
-2.326450941283819962e-01 -5.351622467427802343e-01
2.782609202554960248e+00 4.740877475244461570e-01
-3.268834908090642699e+00 -6.640576713966529487e-01
4.119151826582537756e-01 -1.727418838169946680e+00
-2.164497200483497252e+00 -1.651047782143844733e+00
4.850864796961454339e-01 -1.373218285213264389e+00
2.093907144343535087e+00 3.594482243341913907e+00
3.982253365912819643e+00 -2.587496356623011362e-01
2.681179037757014605e+00 2.258703710540319598e+00
-2.349896100566404300e+00 2.567299446898203108e+00
6.133545896701962929e-01 3.856080127172518968e-02
-1.758422405891536533e+00 -5.030844910113132507e-01
-1.791369631642046434e+00 -7.006877594882512383e-01
-1.007055063903062209e+00 -1.515610221991962048e+00
4.250970247711760019e-01 -7.983427184072674487e-01
-2.601707305045580565e+00 2.025064544766524310e+00
7.427983719656505279e+00 -1.551974796611210738e+00
8.496573182325699136e+00 9.356972822486638031e-02
-2.844374331053100224e+00 9.005259474411688725e-01
7.894379933492404078e+00 6.735826802369776267e+00
3.406323325472725205e+00 -2.637222630065659823e-01
-5.326103633789685432e+00 -2.325886347215506134e-01
-2.214062977465135751e-01 -5.520961613409616220e-01
-5.405768121087715927e-02 -1.604013696297197145e+00
1.078127333496660262e-01 -1.783586208754502023e+00
4.458423457419853797e+00 -3.267831335287652711e-02
-1.798848027197438082e+00 6.721661733434159958e-01
-1.501266467223054679e+00 -1.771684433252766588e+00
-1.819803312230708681e+00 -9.033839279351875140e-01
-4.564814790423559643e+00 -8.893099569040485708e-01
-2.259233004376667076e+00 -1.732586891259742412e+00
-8.752853987639487299e-01 -1.302186097626262695e+00
4.864177115925231831e+00 -9.437152149210292773e-01
4.155670685064802861e+00 -9.435477535951513062e-01
1.338664280477126711e+00 -2.494789106233200826e+00
-3.285933895800656313e+00 4.836222215052760065e-01
-3.364444505406881447e+00 8.006611255569703545e+00
-1.955233226466994045e+00 -1.827882348595909257e+00
-8.165799893043975688e-01 -5.403200162326741163e-01
-4.236379908771326974e+00 4.756609045849928830e-01
1.143330769273627645e+00 -2.179660946651451603e+00
5.037259070801590966e+00 6.956190708675327627e+00
-4.651348564946757413e+00 -7.321799204885190981e-01
3.907645857383692967e+00 5.354364108915611320e-01
-1.877708957768193798e+00 -1.029379658156968524e+00
4.683340726367028140e+00 -3.052904875825043440e+00
-8.159902715366005310e-01 -1.425365681684705121e+00
2.200942778022225710e+00 1.955143662558022966e+00
2.505757681622614363e+00 9.472372645125246571e-01
-2.430608877276497104e+00 -9.757930430854797610e-01
-1.171150260716164793e+00 -1.482294297914785730e+00
2.728674591479325784e+00 -1.743746830448881679e+00
4.624067503665213685e+00 -1.555611266146663188e-02
2.801512651887981820e-01 -1.972897709785093490e+00
-3.185426117234776283e-02 -1.433659224939742627e+00
2.970316999794383239e+00 -2.350580290816028484e+00
-3.614292789021936514e+00 -1.493057030322482825e+00
-3.920613316890053657e+00 5.140625913030625327e-01
-3.029031974876624123e+00 -8.657931044777649188e-01
4.226072814129606670e+00 -2.198902861286182286e+00
-3.552273984013230024e+00 -1.163982332844866879e-01
-1.519753148764953599e+00 5.539627634086327079e-01
8.367044886863686415e+00 -3.413411589819520753e+00
-1.784374234301570050e+00 -3.720948436643941037e-01
-2.447652092058118622e+00 -1.480949800985062348e+00
-3.241958259224031913e+00 -1.189081662173090415e+00
-1.220820975966194322e+00 -7.411244215637264876e-01
1.434379681213764635e-01 -1.243189431394067235e+00
4.143907836556973701e-01 5.368923051589888917e-01
-3.626709182406619436e-01 3.107475234022407107e-01
-2.358319327485156602e+00 -1.323699190150378513e+00
3.847630190347508972e+00 -2.768167065069260691e+00
-2.776434313169322099e+00 -5.633753627818345322e-01
2.058939662621725564e+00 1.497002732611090847e+00
6.892468939408031847e-01 3.420145526606291675e+00
-4.676649768094478077e+00 1.064774438903271614e+00
-2.894173279624145501e+00 -9.411550014062985969e-01
-3.197431787904335021e+00 -1.099825523613956024e+00
-2.286853706319849966e+00 -3.507286719693420429e-01
9.807902863657986803e-01 3.620412310866360506e-01
-2.573281212169273857e+00 2.297902707051974858e+00
-1.716364723858785357e+00 -1.255840214456496629e+00
-5.555673400344780521e-01 -1.660623477203818643e+00
-2.798059292087376360e+00 5.519511481480832149e-01
1.535222320979857891e+00 6.656751572841195674e+00
5.674524544859202990e-01 -1.098534435984481084e+00
-6.125523162723381709e+00 3.273726293220347028e-01
5.965746364992956963e+00 -3.793443383546635683e+00
-2.612529452500186977e+00 -1.264139593680162932e+00
1.185985763169681073e+00 -6.237032448010507713e-01
-1.542435954810664311e+00 -1.175929890394338262e+00
6.702654142581342178e+00 -8.764742827865283914e-01
4.261559988471963933e+00 3.904499128063558810e+00
4.526148782798451009e+00 1.038334354741311305e+00
-6.105014277370798936e+00 -8.721792117691368196e-02
8.377088250996902019e+00 -1.722616761472912872e+00
-2.496129099857234745e+00 6.464806823755472109e+00
8.977975551263696063e-01 5.839726556077694530e-01
-2.259036983529452147e-01 2.444475354681004742e+00
-2.561710359528843739e+00 1.392989602943930927e-02
3.041894331712900801e+00 -2.081960580058726418e+00
-3.104537396771705371e+00 -6.378507527645295161e-01
2.103818703137405877e-01 -5.280678341442535118e-01
5.957403189098625651e-02 -2.282850069956177563e+00
-6.074099356101461566e+00 6.058533583890365337e-01
-4.333409501000716091e+00 4.049086122972825885e-01
-2.180646265416317675e+00 2.002454974690282274e-01
-3.990237444437333636e+00 -1.631989730954553908e+00
-2.164100668272334604e-01 -2.057858504879041206e+00
-2.370512404731634160e+00 1.440229302141260992e-01
6.434519963986866653e-01 -2.779107527727716853e+00
7.149650860788623330e-01 -2.044828125306710209e+00
-6.582529413439301536e+00 -3.894797823103180456e-01
1.860892459981962066e-01 -1.276025550432622335e+00
-1.533902152237794247e+00 -9.730757131716161190e-01
4.670772942335449152e+00 -2.599460521538946356e+00
4.966589306902531864e-01 -1.293501974638074037e+00
-1.651710157251049971e+00 -1.616883903865791172e+00
-3.665209195259739872e-01 -1.391400618922124410e+00
2.332061006540224468e-01 2.964675958896217267e+00
-1.856166992454709286e+00 -2.057159181434487838e+00
1.516083295206093062e+01 6.450458493548302918e+00
-2.526340217618870732e+00 1.256263453248600559e+00
-5.011162581975528996e-01 -1.929233701659177402e+00
-1.672374406220976661e+00 -1.723450098720393342e+00
-4.095837766191751328e+00 4.695583026375502178e-01
1.963560838509642359e+00 8.244432619508470506e-01
-5.017913888878832829e+00 4.145435229462023918e-01
-4.722788619076270678e+00 -6.837942294927689124e-01
-1.201720382151521882e+00 -1.305245490397335839e+00
9.887304088633835919e-01 1.258225715343040674e-01
-9.997481295267250934e-01 -1.559179203747923070e+00
-8.708867647170317472e-01 -1.116320382898780439e+00
-5.334140702327200501e+00 -4.523352682319331519e-02
-2.280142958250463092e+00 2.703669382348529382e+00
2.068795051898304205e-01 1.663951548219516408e+00
-5.942331884932337438e+00 3.621964233041095604e-01
3.776117306782302702e-02 5.311383342101493987e+00
-6.297913707293157914e-01 -8.111192823243351668e-01
-5.798477257652607797e+00 -3.845472646944460005e-01
-1.630190238640840894e+00 -1.589315499801413401e+00
-4.141306321413105174e+00 -8.251745692324897741e-01
-2.549364076654895950e+00 -1.018381421935706355e+00
1.317142688285103613e+00 -1.475729911371898906e+00
-5.722102703314908112e+00 -6.302479454304658057e-01
-4.509103083680193969e+00 1.888089319329734062e-01
-4.251491243584859525e+00 -1.209516256661745004e+00
-2.020714356368064291e+00 -9.010379066286517968e-01
8.114794121324265808e-01 -1.323110810030502460e+00
-4.585355306707041834e+00 -1.006135617497629364e-01
3.167314817222862011e+00 -2.158756369552284671e+00
-7.124509743996556566e-01 1.765282268119948261e+00
3.741851063461634652e+00 -2.628453236800599946e+00
3.338479125719963303e+00 3.085163911004627835e+00
5.460479912072238484e+00 -2.256347867212169955e+00
-4.792418807653096913e+00 -9.514614319324522507e-01
-3.700619036777104132e+00 -9.766230987605254432e-01
3.926003005417339153e+00 -3.231814164161855629e+00
-4.317180656722925391e+00 2.470773401698551641e+00
1.346034156423068451e+00 -1.309271824484581126e+00
4.738743559081273204e+00 1.028869451124195367e+00
8.153661105147606003e-01 2.216399625921825212e-01
-4.613356514835356137e+00 -3.591851748671952560e-01
5.311503515307176571e+00 -1.384063116310393804e+00
-5.713050522568884126e+00 1.517088642046610314e+00
-1.999952934097624313e+00 -1.131956204935253840e+00
-3.806051796858971770e+00 -2.442714134567470496e-01
2.977102665141963644e+00 -2.311870717664191055e+00
1.995521863702993448e+00 -1.348906162918786178e+00
-2.664489118802947587e+00 -1.246904002605776218e-01
-3.217979831414278236e-01 4.697382483524152441e+00
5.848331232808176239e+00 -7.920720221357777646e-01
-2.779743567335904775e+00 -5.389286997851541194e-01
1.950334745779582990e+00 -2.198587593838305931e+00
7.269399221451907644e-01 4.064861155385647962e+00
3.488417453364069498e+00 1.445968888069447011e+01
1.706886170610272924e+00 -1.356281220077276028e+00
1.183497372728324226e+00 3.012098337896842892e+00
1.195934988435862323e+01 -1.747255746694100775e+00
9.074268574641163321e-01 1.319815765510808481e+00
-9.798059298202841383e-01 -1.964894600507119726e+00
3.195602325490928930e+00 2.373854789499632911e+00
-3.303582438981191416e+00 1.026045117341003732e-01
-3.442434229437049686e-01 -1.248293938405923287e+00
3.263924131164229969e+00 -1.418632950476866883e+00
5.919538038209452679e+00 1.023147265069189960e+00
-4.976921506793910766e+00 -1.497809445070506396e+00
5.951451413669042623e+00 -1.382273084282616527e+00
1.235564681210210569e+00 -2.410093267813697704e+00
-1.667799317705164430e+00 -1.091459397370134088e+00
-2.704127143975334491e+00 6.792223767662778355e-01
-1.124226518077145132e+00 -1.326615009234080045e+00
1.626481890382721573e+01 1.481092883880871014e+00
1.250573217487473965e+00 -1.521737885772025844e+00
-5.202933497697832532e-01 -1.090294359919467659e+00
1.306646697084865361e+00 2.296571521796681115e+00
-1.961714794953729024e+00 -1.772099967725802028e+00
-2.828228863859124420e+00 -9.480592255799179524e-01
1.557806330381881210e+00 -2.612576137517692132e+00
-2.097476821947932279e+00 -1.902264369772055597e+00
-4.599733017611458585e+00 -1.207858754342627794e+00
3.321571954259205928e+00 -2.336531800652680513e+00
4.621421132560560530e+00 -2.962057857349344570e+00
1.528896569187561560e+00 -1.997972639464943523e+00
7.556905340292972839e-02 3.649210604009018866e+00
-2.999468213839092012e+00 6.374008157581653178e-01
5.456204780635943052e+00 -2.835169403500590768e+00
-4.089139200814023489e+00 7.980060150567384880e-02
4.447178045922669298e+00 -2.556403354834514197e+00
-1.318234847064073234e+00 8.295089868832827840e-02
-4.191668037573112571e+00 -3.160021332023751350e-01
1.440317674493634126e+00 -2.582767056870116207e+00
-1.160348465275804042e+00 -1.561338134755160478e+00
-2.117964360665933743e+00 -1.302173652284529304e+00
6.062316982973019464e-01 -1.839680138749346661e+00
2.340125023386940395e+00 -5.904872820792814725e-01
-1.681248211839720064e+00 9.443721813944984333e+00
-4.924351470028089373e-01 6.410093334418112132e-01
4.429273573346470982e+00 -1.789554660494370619e+00
-9.878185238210397401e-01 -1.697550916171568947e+00
-6.518358584548454182e+00 -3.128571606290372897e-01
7.566745019026988928e+00 -1.464756244732758894e+00
-3.546307105385928526e-01 -3.314434165878426541e-01
-5.978207151647096929e-02 -1.952540713267634676e+00
-4.518307949199243723e+00 -4.818403116263261787e-01
1.454432508257868628e+00 9.477892941322960674e-01
-4.234302030605692657e+00 5.655189753545529108e+00
9.341702267826049066e+00 -3.152767492399236815e+00
-2.615983963387451094e+00 2.978141306439935132e+00
-5.041511155640918673e+00 -6.994777902576042594e-01
-3.138119330579248967e+00 -9.852578271668871457e-01
3.138368112909271090e+00 8.764116608914858109e-01
6.519075244728121665e-02 -1.796048112841302169e+00
-3.307091969649682994e+00 -1.096264428023101090e+00
-6.931694276206513017e+00 -9.452730493442571547e-01
-1.656036017781751246e+00 -3.689237822115300491e-01
-1.045298841417431790e+00 -8.431708678067594276e-01
2.260484818512327632e+00 1.001892507283400402e+00
5.284691737076498974e+00 -1.463424194310880555e+00
6.707967275765976289e+00 5.885644299952281777e+00
1.185366149194209795e+00 3.404070416567906432e-01
3.429448942617507434e+00 1.624794669162546512e+01
9.347803981316651800e+00 8.204890759572329273e+00
-3.540452388989673960e+00 -1.063901567946379911e+00
3.723282188408993942e+00 8.519956019309226747e+00
-1.511215260278245820e+00 5.944902165888411583e-01
-5.500929651396020859e+00 -6.320277343583009522e-01
