-1.687933575069510209e-02 1.361259798138834798e+00
-2.028117059817745815e+00 -7.080128790690577434e-01
1.238076674073918110e-01 -1.507490577898094930e+00
1.087537568281552458e-01 2.589054145961580566e+00
-4.598915152973055975e-01 1.009677400658360452e-02
2.402127554535923970e+00 -1.859746269802420526e+00
-1.307851279383045684e+00 -1.564097890040683669e+00
-5.751709546987764377e-01 1.947680696919430049e-02
-4.531663516305020956e+00 -2.517428094692510943e+00
-1.138364722579325194e+00 -1.105931242864683250e+00
2.676566862732466134e+00 -1.414523063975881456e+00
-1.201708434163814676e+00 -1.446144070437502149e+00
-8.640313052601765742e-01 -3.255207316534700079e-01
6.472031099227119055e-01 3.040076669621322836e+00
-4.629366174970555026e-01 4.339292081603902257e-02
-8.775295830678510045e-01 -1.015515166461861352e+00
-1.090143490916605229e+00 -1.308212603730647627e+00
2.055388068882210983e-01 2.824711694941448581e+00
1.960922202292840977e+00 -1.493951834863999517e+00
-8.852957950957081046e-01 -1.009411174328821659e+00
2.770288984212160521e+00 -1.311822268835647121e+00
-3.449903882013934719e+00 -1.514582034962536738e+00
-6.104668450586814288e-01 1.214429065728270252e-02
1.196080939711528401e+00 4.098928797775537092e+00
1.899457735696838401e-01 2.488193189778843184e+00
4.642180270696940170e+00 -2.001623424529703321e+00
-9.421690184146668257e-01 -9.808002975278012903e-01
-9.422114114892244929e-01 -1.098202796309001750e+00
2.420261076475392070e-01 3.144922403767997032e+00
9.158258425230154653e-01 2.465958879067477572e+00
-2.737849328547187433e+00 -9.319224850495906320e-01
3.417658764893648282e+00 -1.115574233328372689e+00
-4.751146684268003906e-01 -6.555237421832059951e-03
-2.675498308683502913e+00 -9.320041920069247476e-01
-5.486509431698370909e-01 1.437925182051261186e-02
2.645214058985120298e-01 2.980232489684729646e+00
-5.776922475045596084e-01 1.494880394570180862e-02
-2.070267663629719035e+00 -6.094246910332031808e-01
4.132355390004882167e+00 -2.020752783269647690e+00
1.492603328287767095e-01 2.545103185657226597e+00
1.149961916962209285e+00 4.194272374886224064e+00
2.509791991143671019e+00 -1.418449832685583001e+00
9.531546265468644474e-01 3.133929914967374941e+00
1.433688476649993548e-01 1.995613623587874530e+00
-5.645982056764050627e-01 1.005932767675100578e-02
1.396316142169262975e-01 3.668767463906969617e+00
-2.958077438638950341e+00 -9.164165088161112527e-01
3.215057687239404882e-01 3.192062724419469699e+00
-1.467328217773266497e+00 -1.798602767651098056e+00
-2.067306295676871741e+00 -7.067438506258835185e-01
6.557921720180022451e-02 2.055480915055587054e+00
3.680545259213156228e+00 -1.770849331547403427e+00
-1.133815301091542826e+00 -1.244402450576513219e+00
1.970773999337502302e-01 2.463902155476412670e+00
-5.884468635470103681e-01 1.265355748948877347e-02
2.489363808975851633e+00 2.245582289827262379e+00
-6.098967974042009965e-01 2.359491253688543108e-02
-1.203921013765772985e+00 -1.478686972662464960e+00
-1.135514062691100223e+00 -1.406116365924488187e+00
1.977355279812430533e+00 -2.481941828829111463e-01
-1.114459148309061343e+00 -1.017581519917593491e+00
-1.663773916634353478e+00 -5.919032656485715416e-01
1.730540021511477677e+00 2.717238425114783862e+00
-9.085914477698788794e-01 -1.041226817753098555e+00
-2.811359046897886849e+00 -9.425320419260501126e-01
2.666377570331235791e+00 -1.625018705708159983e+00
-7.053584206834916381e-01 -7.304207431614516688e-01
-4.502581382415689060e-01 1.118753620604710092e-02
-1.334347127575571390e+00 -9.033634613592008700e-01
-9.759296747128763938e-01 -1.254774524851791861e+00
-7.061809340212313879e-01 1.485788733643287653e-02
-9.046038083419267739e-01 -1.021229896781336244e+00
3.724141960032651077e+00 -2.687329368554283615e+00
-3.207959963426488592e+00 -1.939103763272800540e+00
3.905624510979543440e-01 4.210281952513822645e+00
-2.434300037057621324e+00 -7.629993207716596615e-01
2.477323486902446026e-01 3.252467893726760373e+00
-1.081836142399030143e+00 -1.328299679354967955e+00
-5.075561146555445102e-01 -3.661324021768039977e-02
3.499127300040276722e-01 4.350811106906022907e+00
2.842437315916114482e+00 -1.798551181507481056e+00
1.650591870089064717e+00 -1.835950810591650217e+00
-1.242269161469602867e+00 -1.014645070920475955e+00
-1.072689532397412604e+00 -1.286480216734497750e+00
-7.475980894279565803e-01 -7.883496641643338299e-01
-1.043820451972851560e+00 -1.248932366031276775e+00
-3.166901663868129990e+00 -1.028247831530551437e+00
9.567369224174996356e-01 -3.779740602859732679e+00
-5.529438050236016311e-01 -8.513068076340534959e-03
4.535761841388750992e-02 1.525435796598522353e+00
2.756483306644046394e-01 3.316862780232325392e+00
-2.095431431043507597e+00 -6.693217224826620848e-01
2.216043995171866343e-01 3.036673638244979045e+00
-5.336286947013040294e-01 4.113806420899744111e-03
-7.182759258993669516e-01 -9.819223645184158578e-01
-1.647456847212487752e+00 -5.134815112838282403e-01
-6.071282295393265471e-01 2.970386785111825585e-03
3.969316394956179828e+00 -1.515439988486683598e+00
-2.970647880738280122e+00 -9.617625875534110413e-01
6.390869846650137909e-01 3.629149207814728495e+00
-1.737989849228365413e+00 -1.844739451860693435e+00
-1.011691031932554052e+00 -1.201354967527916706e+00
-2.724537423980846751e-01 1.813209090693561842e+00
-5.161007845350245038e-01 2.017271055429218675e-03
-4.773461424197919523e-01 7.867262820646432619e-03
4.448903312992467107e+00 1.204354285885561870e-01
4.976032174411160192e+00 -1.456706774593482523e-01
3.090567182383458178e+00 -2.111596444632987790e+00
-2.587239064958074319e+00 -9.892176389672852066e-01
-4.851159904889051910e-01 -2.514622606899563368e-03
-1.783460282813928321e+00 -5.793474861065727177e-01
-6.311266384026271714e-01 1.551127572719198169e-02
-1.589509233158630241e+00 -5.027596019611015876e-01
-3.767185433502037717e-01 3.410826684120065733e-01
-1.176619217807910234e+00 -1.450078324844607636e+00
1.233893903326492181e+00 -1.148184305614947887e+00
-1.703050956604005961e+00 -3.101382204675081078e-01
-8.760462575688310327e-01 -7.769865970345751771e-01
-5.380581028004026711e-01 8.422317882545486689e-03
-1.003029397077829676e+00 -1.198682659486282720e+00
2.198426078724568522e-01 3.725312908568822579e+00
-6.383925761879222227e-02 2.753885507560773327e+00
2.256520254006292525e+00 -1.557354242319208160e+00
2.405847047739877897e+00 -1.329452246693965112e+00
1.636260855272593240e-01 4.433619628155465620e+00
-1.043002725769047290e+00 -7.697803358376800187e-01
-4.297950177224068580e-01 2.867065339576920224e-01
-3.053249405450570109e+00 -1.724657789018651854e+00
3.428133694838850332e+00 -1.224580369532541679e+00
-1.110792647804253797e+00 -1.363678341184347387e+00
-1.465588807376297265e+00 -1.159271225167435970e+00
1.541996533803688507e+00 3.889522571617783253e+00
8.045942938287123924e-01 3.761650198532343392e+00
2.294908623871793729e+00 2.115781988069577846e+00
3.852709638152041371e+00 -1.920867550830648085e+00
-4.265181514275170893e-01 -1.049738155234998527e-02
2.566396324131027029e+00 1.637589831367324056e+00
-1.221423211024307953e+00 -1.481310170619029698e+00
-7.411338589489430140e-01 -5.247791185395116187e-02
-1.032920811796343541e+00 -1.197045672178025821e+00
-2.011222527413545791e+00 -6.842444002513012880e-01
-4.903267554259564953e-01 2.103685234051928463e-02
-1.546869960452623927e+00 -4.759117587008061534e-01
-2.125872634371010150e+00 -1.469225154395286781e+00
-1.349587090531793265e+00 -1.686045247090699473e+00
-6.586627570640362084e-01 -1.533491229869612615e+00
-5.721733926960153038e-01 1.059116556229236332e-02
4.556413925035275980e+00 -2.138200709116579112e+00
-2.195289443122405010e-02 2.055284106440443903e+00
-3.405196702948490195e+00 -1.193847361073057556e+00
3.535239725998509996e+00 -2.152763295552535983e+00
-4.897865115291728522e-01 5.639260628827793762e-03
-7.013002577100022616e-01 -7.362975389347119481e-01
-4.477981517769017428e-01 6.074577525298494214e-03
2.951821003688236189e+00 -1.402529795594246620e+00
-4.101112081431487755e-01 -1.000854489536387253e-05
-4.645073268663454380e-01 -1.621644640315906844e-03
4.304106375720170519e+00 -2.299732292096751396e-01
-4.500684160243800247e-01 1.115672851977240684e-02
-7.949157789368501703e-01 -9.110253457641892538e-01
-6.408823703888554268e-01 1.999419005485182990e-02
-3.650433389241571347e-01 1.238249678125359111e-02
-1.005054194258613753e+00 -1.218233125587121490e+00
6.936316950984843466e+00 -1.816297704639602939e+00
-1.409530814424288625e+00 -4.458873170967625477e-01
-5.480975749866732194e-01 5.424652582972700789e-03
-8.339383098069043099e-01 1.477863772539940168e-01
-6.115274354062955053e-01 1.614517468479852516e-02
1.042738748491145312e-01 2.591736861180018003e+00
1.734025386135695346e+00 5.444600074683783042e-01
3.360764045315791648e+00 -1.704707488234767698e+00
-3.518126892900035885e-01 4.075975091835479236e-03
1.592556349067428823e+00 2.662798195839053417e-01
-9.817552123959316646e-01 -1.153727201700055272e+00
1.758304812211842094e+00 3.059187893279217807e+00
-7.693366615219272564e-01 -8.539351751281094582e-01
-3.945532891577068213e-01 -1.499539558180119914e-02
1.775090629410758458e+00 -2.366331144622058069e+00
1.585584617357823412e+00 1.440098107611967437e+00
-1.124995140767058199e+00 -1.339539456908403148e+00
3.316541974110907898e+00 4.312432658986555256e-01
1.567329384334616327e+00 -1.970709643878128858e+00
-9.453503650209198472e-01 -1.338165964877301439e+00
3.093725989477466576e-01 2.490490586123784933e+00
-7.094767486357507202e-01 -7.561128768072625794e-01
-1.585422912313917410e+00 -1.199129109897479006e+00
9.881052671861004777e-01 2.496833271676087040e+00
2.045923543399150279e+00 4.887893768271582395e+00
-1.051285073608597465e+00 -1.003380451247154248e+00
3.840416994808193873e+00 -1.932201548627933585e+00
-7.434597029057620210e-01 -8.282569716417369499e-01
-5.250986845179147489e-01 -2.451256508510786178e-02
-5.458621759550889019e-01 -8.496409487856899923e-02
-5.466254152914453712e-01 -5.828838879926422079e-02
-8.649587705420027639e-01 -9.999746970753641273e-01
-9.880833326577495024e-01 -1.177801234701782329e+00
3.236788413611829007e+00 -1.533534932000649720e+00
-8.741281575908647072e-01 -9.899906976019946514e-01
-2.145981731727805375e+00 -6.589248540340116866e-01
-1.254215769515818202e-01 1.872210696777708794e+00
-5.096212068750094470e-01 5.844175697936966965e-03
-5.875206147413252200e-01 -2.871923798792177518e-01
-6.753132792467073653e-01 -1.149169180592663278e-02
-2.371347908821737960e+00 -8.010328462904335867e-01
3.183826974594372583e+00 -1.949736263074829834e+00
-1.910733579715609698e-01 -2.143414878554400715e+00
-1.356656928586741140e+00 -1.655555768775426984e+00
1.652512046921129185e+00 3.120133889363023716e+00
2.111782544747911050e+00 -1.544807588290579403e+00
1.616197543203513332e-01 2.676233401444704896e+00
1.477453332541431574e-01 3.111760608884051926e+00
-1.973527241049875647e+00 -6.302271202732373512e-01
-7.094090026163623053e-01 1.045235679785251962e-02
-4.546104990290332770e-01 -2.546164704480830682e-02
-4.075825652494364237e-01 1.599395610237745388e-02
5.559446516553955497e+00 -2.243097173777242936e+00
-1.083202346376412883e+00 -1.290893617062831122e+00
1.396104328768630609e-01 2.464316086132758432e+00
-1.404617689400280145e-01 2.601730983989504864e+00
-5.071080225745585590e-01 4.119264372904708283e-04
-1.049323994289117490e-01 2.634378682476289590e+00
1.019178266239136044e-01 2.634083393909756765e+00
6.593229871836406852e-01 4.952212204045918220e+00
7.791400765026937347e-02 2.557135288766943404e+00
-1.811891340766330183e+00 -5.656689635215973455e-01
3.648479619683139830e-01 3.719213568224110311e+00
-5.940469957741756346e-01 1.353599287421582316e-02
9.150808980046802876e-01 1.733192140627689559e+00
4.709647032141430323e+00 -2.178867952985312773e+00
5.619652993621051529e+00 -2.092812110970600603e+00
2.327588014167634722e-01 2.242258532915403890e+00
-1.694486311566586245e+00 -5.106328945806279940e-01
-3.770603312838097798e-01 9.154307451881128418e-03
2.521554366239503464e-01 2.990331623092393976e+00
3.761045543979092187e+00 -1.959385617207521024e+00
3.011369247609782640e+00 -2.078025133328887275e+00
3.420717758980588163e-01 3.015715102324663555e+00
-2.223986592792105643e+00 -7.297551317900138335e-01
-9.544297065872818786e-01 -1.108605436655855980e+00
-4.020452548925304015e-01 2.449040503804907412e-02
5.697672642780541308e-01 4.997499109773799297e+00
-8.157204258327973578e-01 -8.463112531827154950e-01
2.138185070154153544e-01 3.104765713171700803e+00
1.806148040036753000e-01 3.233132063182883709e+00
-1.611594235628623917e+00 -4.772012310769894738e-01
4.236193616763241354e-01 2.562357318212836965e+00
-1.844993550026556850e+00 -7.727959443421195118e-01
2.975011881888837362e+00 -1.406793342827750148e+00
-1.599135259201591941e+00 -5.643365860332126838e-01
-3.904004386663523785e-01 -5.941645665956238245e-04
2.695252573465008794e+00 1.193169789258413438e+00
-2.949592695635864903e+00 -9.929636644831226766e-01
-1.584504464395375400e+00 -4.977325586004804348e-01
-5.749351574562540090e-01 -5.699148204093911207e-01
-1.686345196279191994e+00 -5.132255205039593093e-01
-3.292665718894624227e+00 -1.133806483735229520e+00
-4.752207327183324836e-02 1.874816402330802267e+00
8.520308914490613006e-01 3.184037425175608060e+00
-6.063509194775204003e-01 -4.508323165825245957e-04
-4.058144523209257781e-01 1.269281608778711525e-02
-4.414059200022333318e-01 2.262495032960962910e-02
-2.012087645753959375e+00 -6.432815675673717593e-01
3.242120134774989726e+00 -2.481139909979028779e+00
3.994020432081679228e+00 -2.149776442604288018e+00
3.477276665640427034e+00 -1.720544692088756378e+00
2.434793102048244506e+00 -1.050106090028720907e+00
4.518633807624136689e-01 4.152128706624335308e+00
-5.843201540820671669e-01 -1.736210467794079004e-02
-4.404473020287175689e-01 6.693284375052315459e-03
-5.006184793375691999e-01 1.589525314627752636e-02
6.306185236725676997e-03 2.332088533861252255e+00
1.617306547440231279e+00 -1.507136407867234018e+00
-4.420901103184659675e+00 -1.580870042022681776e+00
2.505278339902215379e+00 -1.153705141402426859e+00
3.286356616676839870e+00 -1.722921095096258792e+00
3.655859950299661154e+00 -2.091196673511328097e+00
-2.467754888633784560e+00 -8.968973241125309803e-01
-1.825444101607603731e+00 -5.651272178521277167e-01
-1.030600822421800400e+00 -1.267040054630845791e+00
-1.350224228717822994e+00 -3.938860478726973202e-01
7.995823772442348099e-02 2.276827866934101330e+00
1.729641062384897676e+00 2.382065990996613980e+00
-1.986159141936238326e+00 -8.543642531550863506e-01
-4.519508207289111290e-01 -1.871066540153705189e-03
-4.717206473185768800e-01 7.666827001754336450e-03
-5.644128510627439699e-01 -6.244830142273716939e-02
-5.282600225204455713e-01 1.208966923936187314e-02
-5.886364498874328832e-02 2.565577543572000074e+00
-3.083899677961188246e+00 -1.579959431211862775e+00
1.451180458902110726e-01 2.857667485824361364e+00
-6.034764064672586414e-01 3.378158597701812899e-02
-6.674483386838063748e-01 -6.619447665613704679e-01
3.359415960744004170e+00 -1.639666004843403302e+00
-5.609116926120459867e-01 2.421682847499994143e-02
-1.705230786198907333e+00 -5.825106825780834718e-01
-4.891715781016980902e-01 -1.790685350260308581e-03
-3.645474482654615933e-01 2.403374036767435551e-01
2.870750661752898836e+00 -1.644913409174930674e+00
-1.781095490128311143e+00 -5.279489383254527546e-01
2.689639664257668539e+00 -8.551746290459252275e-01
-2.117000399476958172e+00 -6.607533028478312920e-01
-1.489640627507558268e-01 1.795994305541934732e+00
-2.977594214367387693e+00 -9.315003844104426944e-01
-2.299236092540393628e+00 -1.266192712727062464e+00
-5.971265319279928097e-01 -3.786888928443961078e-01
-3.736800724344513380e-01 5.380729210987904299e-02
-1.794131451704551738e-01 1.895883246769785035e+00
7.114870722739380371e-01 3.184672945900739460e+00
1.460145279580792599e-01 2.961599322684496549e+00
-1.111940475090903657e+00 -1.336230314619657245e+00
1.328663814900492117e-02 3.278704623574058896e+00
3.090532900258811999e+00 2.200810601566086877e+00
-5.523427795184611133e-01 8.505135884145368502e-03
-2.006662476676270401e+00 -6.248276845085941611e-01
-9.689993335154578613e-01 -1.069810020254928107e+00
2.289856270469506350e-01 2.944179919053056871e+00
-1.872156309327061452e+00 -5.695153271260131600e-01
-1.391788345222139678e-01 2.929092460775866602e+00
7.848495224114909741e-01 3.605014265873819124e+00
-8.748903900680531365e-01 -9.860695275229827139e-01
-1.040672921076789770e+00 -1.236527486840269363e+00
-5.165659832464681855e-01 1.140489902887793956e-02
1.514264796998282016e-03 2.106006888747133488e+00
-1.246948712431825923e+00 -1.314655440213693405e+00
8.866344232861815833e-01 1.407768344993792775e+00
-4.645033338423207869e-01 3.592353362281233611e-03
-8.544393448711418149e-01 -9.665262726996558529e-01
3.611716116364943052e-01 4.400171867677441284e+00
-3.372428701170608001e+00 -1.112630765150107726e+00
3.028227254153321280e+00 -1.559139539308101785e+00
1.874888233109783586e+00 -9.761389128836822637e-01
-8.758415952172756702e-01 -9.929542738858898598e-01
-5.317423668652001556e-01 1.395365012961878419e-02
-1.010068853331633099e+00 -1.111014407148427141e+00
-6.270735231182907876e-01 1.085511510196536383e-01
7.606134492364829969e-01 3.254452410563111187e+00
-9.912564126850197388e-01 -1.183582538521275263e+00
-1.130088603569781913e+00 -1.386639451598407291e+00
-2.794311997276810455e+00 -8.878732897581570471e-01
-4.134224021833824425e-01 -4.555947230386711740e-03
3.602592193929317066e+00 -1.755946305583347744e+00
2.417462599107592092e-01 3.426543843567596337e+00
-1.437241650998788423e+00 -1.858688978934981195e+00
3.111140703587668144e-01 3.234972346999631210e+00
-1.302670167983377647e+00 -1.635295945494879444e+00
7.687342080624939289e-01 3.124597515462263164e+00
-9.203304417639643908e-01 -1.067905451615543511e+00
2.623324862898675391e+00 -9.437554492208959367e-01
4.142273010093266983e+00 -1.966983036624989190e+00
2.081517834560155045e+00 -2.179622371996555508e+00
-8.646758044058271420e-01 -9.967639189797603549e-01
-3.446464593493564710e+00 -1.268454652576888719e+00
3.753677060125170772e+00 -1.626808879621524540e+00
-2.061905910502545236e+00 -2.344686045338050473e+00
-5.336965908625890265e-01 -1.170940376801313132e+00
-5.635411561592510443e-01 5.228977865792669433e-02
-2.249852136787907353e-01 2.147136366643920269e+00
-4.109814706456222932e-01 4.784475222307345010e-01
-2.012887607270601897e+00 -9.360083543492503377e-01
-1.585744064360864181e-01 1.986076151921662980e+00
-1.866147070191530810e+00 -5.622437862684426246e-01
-1.060525060398559205e+00 -1.252757272411297640e+00
-2.750636143794618071e+00 -9.074495821298569354e-01
-4.208094319250340609e-01 -2.572651126303348440e-02
-1.967665428498705307e-02 1.817867805580344776e+00
-5.981659495646214353e-01 1.926093211388794565e-02
8.670097972295680300e-02 3.505480539403801998e+00
-1.277810189696513589e-02 1.817158347922456896e+00
-7.366150195690187585e-01 -8.112527021981082997e-01
4.123995786617272730e-01 3.107716878629833257e+00
-2.978207233543379573e+00 -9.370868739539507386e-01
3.868514461284297545e-01 4.467888454826291600e+00
2.928703267902403873e-01 2.730175700766817037e+00
-5.575148343811339169e-01 1.505696902653926722e-02
-2.481234959205445567e-01 1.599778541513386720e+00
3.900808400340709969e+00 -6.517637600570584944e-01
-4.844734422793496309e-01 2.077390298706172436e-02
2.767083468159443171e+00 -1.468635104341147857e+00
-1.737457922650984088e+00 -5.626806138099891275e-01
1.791704539149641395e-01 3.197149955406099142e+00
-5.247979900875702208e-01 1.139081306990547514e-02
-1.154867967885998770e+00 -1.420193881001678093e+00
4.547570731688790779e+00 -9.216279107576618168e-01
-8.076104295655014420e-01 -9.212538308884451466e-01
-1.068128167600578937e+00 -1.276413392561723148e+00
2.086662870370741274e+00 -1.042923759651003257e+00
-6.928014338280396034e-01 -7.419475052021597961e-01
1.387716365526564175e-02 1.936841476352751279e+00
-1.073664083997456359e-01 2.117574018632931487e+00
-7.403665824929964723e-01 -8.020214402713232715e-01
-1.957286000440563445e+00 -1.023787003145232966e+00
2.982221839289103116e+00 -5.738510546821189440e-01
-2.716539403881289783e+00 -8.382131015012965758e-01
4.824458934994712678e+00 -2.327940434867410868e+00
-1.241605052873965553e-01 1.801757266236326371e+00
-9.182166236447937280e-01 -9.077856527246628282e-01
-4.939528268488513341e-01 1.049441190637702588e-02
-2.400085741103722192e+00 -7.395427793311871723e-01
-3.655094937911545494e-01 1.985264147581654662e-02
-8.218755996532763897e-01 -9.343444441238180076e-01
-7.282856528398897744e-01 -7.905262517921602949e-01
-2.310335025299763867e+00 -7.500618478338121342e-01
-7.712459139220929627e-01 -7.721384976406518996e-01
-3.175114447953519825e-01 1.517966936613245332e+00
3.025410567501868875e-01 2.858847030632688746e+00
-5.605239236272420156e-01 7.663968341101065965e-03
1.682645255033719811e-02 1.837967847280635558e+00
2.684696963036250050e+00 -1.226266609693930310e+00
9.753399588396373387e-02 2.081750085939058970e+00
3.050800351747548600e+00 -1.225205011932815280e+00
2.900214668748458458e+00 8.059664960512848975e-01
-1.001350935738933856e+00 -1.191171392157667430e+00
-1.219991196379070608e+00 -1.534358845125757043e+00
-1.535797411213455810e+00 -4.836239939616567840e-01
-9.859725953864548753e-01 -1.103685329358195188e+00
8.329524832372843871e-03 1.719788103188524264e+00
3.746732579268142516e+00 -1.321502899088460747e+00
-1.812997826098134313e+00 -7.289732469230055800e-01
-5.468440509538229355e-01 3.555377019239342514e-03
5.832467379873038205e+00 -1.478355848323156252e+00
-8.380415984887081837e-01 -8.981595311994658992e-01
-5.242962026621057481e-01 4.975274020213488017e-03
-8.159561546258420339e-01 -9.079279464650382714e-01
-4.179169596994130043e-01 1.399262061825908621e+00
-2.174417687816260880e+00 -7.239250020131957619e-01
-4.619832846956955508e-01 -7.631877896982133813e-02
4.897248722893134398e-01 -2.521075761298071427e+00
4.808132238723239915e+00 2.647960180857156787e-01
-5.518838914566498444e-01 7.955196273095684403e-03
2.648695723135345848e-01 2.823598490675183648e+00
3.886816093167028363e+00 -1.954161779203880567e+00
1.825661403918924508e+00 -1.103502379217474738e+00
-2.395931479911689976e+00 -7.812143208749087187e-01
-2.013159917491860629e+00 -8.696050969483964943e-01
1.742222316987274144e+00 1.030141119519772247e-01
-1.602605399869113656e+00 -1.179141632177099774e+00
-4.045850448709306657e-02 2.053089842422978428e+00
2.160724635130883087e+00 -2.512725665711342593e+00
-7.456909980528142468e-01 -8.450976259556439510e-03
1.482204014286894467e-01 2.707127722148335636e+00
-2.557451272656798391e+00 -8.160743340241162214e-01
-2.106625207092842067e-01 -1.498354826625353242e+00
-5.040877906042303680e-01 2.522073331509966723e-02
1.960867144142020457e+00 3.024463035880112560e+00
-5.624322580176198683e-01 3.054783991387160710e-02
-5.385207837238987771e-01 3.585928024920034731e-03
-2.599185425513337755e+00 -9.210800344205481993e-01
2.048113962779626179e-02 2.255964582367491200e+00
7.022487258366673757e+00 -3.298802628708463747e+00
-1.059542498495627871e+00 -1.279374249668862484e+00
2.793367279058757598e-03 1.890464092347073022e+00
2.290337009588500727e+00 -1.625139411750475160e+00
-4.677225169843415853e-01 -4.131522290257476360e-03
-7.332218376989818598e-01 -6.489298654115792653e-01
4.931548703664451194e-02 2.137686800422773814e+00
-6.357152668847398935e-01 8.493119613347107841e-03
-3.727887791912515292e-01 -1.405327487555518254e-04
-1.151716133481261339e+00 -1.084919516525883143e+00
-6.018991569150440313e-01 1.665268881937137166e-02
5.377948440078836878e-01 5.282685026197283307e+00
3.942041058006836796e+00 -1.812177308019719879e+00
-7.629356677130940678e-01 -8.226651308730430490e-01
2.992452556757699167e+00 -1.556664108189695694e+00
-7.024985919499013853e-01 -6.539998495446845972e-01
1.319091376147793815e+00 3.918321744591961586e+00
-9.086353345057071040e-01 -1.061735360620327473e+00
-7.010656773844666789e-01 1.730390099295149239e-02
8.474552623850351019e-02 1.780907770117087230e+00
3.558471941701211727e-01 4.497503093232399607e+00
-4.823159284223539345e-01 6.787006497780433134e-02
1.765314213623618012e-01 2.905875896700973460e+00
3.232084565320498815e+00 -2.651143822703404318e+00
4.868024606705296797e+00 -2.347528398446611764e+00
-1.940138813115670713e+00 -1.153369241529625278e+00
2.834532381588320549e-01 2.861203643441440292e+00
1.691744374145410512e-01 3.428353698910397540e+00
-2.461123165974895777e+00 -7.678957481574522070e-01
1.866908053012262370e+00 -6.984489706861771730e-01
-1.275316428018331560e+00 -8.362338154146197189e-01
-9.478844291841413972e-01 -1.127347134840104736e+00
-7.249310994202660119e-01 1.602103682157795736e-02
-1.783953707750919548e+00 -7.158903279986257306e-01
-3.419773977765437900e-01 -2.347723160867316139e+00
-2.315083389724553520e+00 -1.419128885652692240e+00
-2.322469930045825970e-01 -1.825889515718577050e+00
-1.626082435545586735e+00 -4.839273999697786821e-01
-2.141517639012004537e+00 -6.612389503639346522e-01
-3.410097755678191511e+00 -1.901053955620593428e+00
4.694478546722133938e-01 3.583377661446804030e+00
-8.403234823623628724e-01 -4.500144432534159966e-01
-8.938318603773359738e-01 -9.573413573027588219e-01
-2.670349108412736872e+00 -8.958779393585725170e-01
-6.672196388801887590e-01 5.525205149118089668e-04
2.069538528666798438e+00 -9.846889511001851725e-01
-2.955899732462105689e+00 -1.146046467926841617e+00
-1.818840886674603308e+00 -1.587922575640280165e+00
3.747800510645378669e+00 -1.472744751020610421e+00
3.739247994049810675e+00 -1.826412426940033251e+00
3.490799790736396346e+00 -2.521148291990073620e+00
-7.042135155460670370e-01 4.746623421112697826e-03
3.627531098585440539e+00 -1.813735709730899925e+00
-1.638784604934738098e+00 -4.631736282379297354e-01
-7.817897575438352842e-01 -7.035991374939792875e-01
