-9.610205353122651672e-01 3.231786923749025320e+00
-2.671329777155300178e+00 -3.010749607019493901e+00
6.622256095995598946e-01 -1.832381417587914729e+00
-6.818193880769928272e-01 2.047597176628437321e+00
-4.303860219200170700e-01 1.293329477393199978e-01
2.518757482238265677e+00 -8.209738319292685382e-01
-1.396484745996599885e+00 -8.135140628994262935e-01
-4.303860219200170700e-01 1.293329477393199978e-01
-1.976350358880520242e+00 -1.825875096373229312e+00
-6.277233522297867019e-01 -5.137163703941406701e-02
3.968799001435179274e+00 -7.096385918741133780e-01
-1.772976597880626448e+00 -1.104191833525365762e+00
-5.593691921762792285e-01 1.129231693716382413e-02
-6.560578913683448032e-01 2.600258587359063789e+00
-4.329265596282522721e-01 1.267584253680123230e-01
-1.089533076277039214e+00 -4.698819636682357581e-01
-1.137415085694167827e+00 -5.128500926826039530e-01
-7.331932443408517575e-01 2.471237250074668435e+00
3.195610367566248833e+00 -1.539303595977880024e+00
-1.278892516613384878e+00 -6.418443944721765604e-01
1.039622420563226957e+00 -1.003038346637471212e-01
-2.657366918354648888e+00 -2.829048111981070424e+00
-4.303860219200170700e-01 1.293329477393199978e-01
-5.533741208100676490e-01 2.774337020820842881e+00
-6.867682044886771475e-01 2.094662146407492820e+00
5.148378243735944437e+00 -5.536767765011183506e-01
-7.303132552327969984e-01 -1.436883253448523468e-01
-1.112466270771271359e+00 -6.822242484365664827e-01
-7.900517903434195466e-01 2.936557062590902323e+00
-1.610371420212860227e-01 2.113605040657984269e+00
-1.179843063061090769e+00 -9.567640484577458748e-01
4.510027988219761141e+00 6.887936016871783196e-02
-4.303860219200170700e-01 1.293329477393199978e-01
-1.848851937799047107e+00 -1.854340244399819371e+00
-4.303860219200170700e-01 1.293329477393199978e-01
-8.285834612331898219e-01 3.291786580474827417e+00
-4.303860219200170700e-01 1.293329477393199978e-01
-2.398055615358322346e+00 -2.626665027242351957e+00
6.604313284751687441e+00 -1.236854230126485987e+00
-6.419506340116333254e-01 1.766895596035791272e+00
-7.021455396583675679e-01 2.693190886901817738e+00
5.598634074651283932e+00 -1.160826228430844154e+00
-6.861369912448423980e-01 2.754275330245524955e+00
-6.325668536897326444e-01 1.748124632985733395e+00
-4.303860219200170700e-01 1.293329477393199978e-01
-5.380864925055520720e-01 9.307854647434792295e-01
-2.615981614330737504e+00 -2.931935710155093133e+00
-7.833173176940327886e-01 2.844654775586890505e+00
-1.625301587724304220e+00 -9.744806320508634379e-01
-2.790487529297970504e+00 -3.222075306219774671e+00
-6.568243344004400797e-01 1.913179638563761831e+00
3.482098103311634052e+00 -1.790401642055016174e-01
-1.286774155062799130e+00 -4.481648105048869346e-01
-9.143957833108984357e-01 4.547253006997675762e+00
-4.303860219200170700e-01 1.293329477393199978e-01
6.894025025240343441e-01 1.507491968935355864e+00
-4.303860219200170700e-01 1.293329477393199978e-01
-1.261766588576487713e+00 -6.260882742583968597e-01
-1.032163606417152213e+00 -4.176433269474427723e-01
4.147652109996684544e+00 7.891540259482439090e-01
-6.390599060321255909e-01 -6.149492814689543757e-02
-1.026341211559320010e+00 -6.933610532085805467e-01
-5.050203670909740872e-01 1.838966669541578725e+00
-9.438870669855449203e-01 -3.371405868470764844e-01
-2.236572107954598376e+00 -2.404686119662650778e+00
1.002664758467372907e+00 -5.052381047172006534e-01
-9.471785780193886506e-01 -3.405020527529308283e-01
-4.303860219200170700e-01 1.293329477393199978e-01
-1.247544990164178857e+00 -2.749185166274143999e+00
-5.274368237486627420e-01 -1.472963058954592563e+00
-4.303860219200170700e-01 1.293329477393199978e-01
-9.616980034097263319e-01 -3.477430091351489949e-01
4.729889896764578161e+00 -1.204563861051975771e+00
-1.332613185250691723e+00 -7.706938931686336813e-01
-8.023948966877464395e-01 2.974138655580826018e+00
-1.924169273921918277e+00 -1.958026899816502686e+00
-7.529963925453856399e-01 2.614690793014822212e+00
-1.012275247165682845e+00 -3.996616644397624207e-01
-4.360249235753206887e-01 1.237684226307762259e-01
-8.454396862910880106e-01 3.279476594700529546e+00
2.401132884564193049e+00 -5.306562516683647202e-01
3.369417527807011314e+00 -2.215822921274400059e+00
-6.033361542268913524e-01 -3.091330707659005819e-02
-9.111607923562080602e-01 -3.082016408438784105e-01
-7.764972454101335408e-01 -1.851688751681708767e-01
-1.065290628964269404e+00 -4.475415577665052269e-01
-2.441807659580072176e+00 -2.693494180419597317e+00
1.208522555252571129e+00 -4.121074424025975347e+00
-4.303860219200170700e-01 1.293329477393199978e-01
-7.652825359603302458e-01 2.759160902876456767e+00
-7.024453467900498849e-01 2.233050658416037670e+00
-2.517779218190941748e+00 -2.802288410347238301e+00
-7.485342322741032062e-01 2.610534317492670731e+00
-4.303860219200170700e-01 1.293329477393199978e-01
1.731704322574914301e-01 -3.023510494018107231e+00
-1.170092501216198455e+00 -8.134835915936146078e-01
-4.303860219200170700e-01 1.293329477393199978e-01
4.300034668136332172e+00 6.954716407599583761e-01
-1.479748254777691896e+00 -1.340350093149887067e+00
-3.337092956692820356e-01 1.933868485482429289e+00
-1.000573017309040136e+00 -3.912360897747557686e-01
-1.015870497147567164e+00 -4.031428581287160307e-01
-4.694073301636037532e-01 4.396317759249374624e-01
-4.303860219200170700e-01 1.293329477393199978e-01
-4.303860219200170700e-01 1.293329477393199978e-01
2.842985370806348389e+00 1.035450529712993673e+00
3.123153601892742159e+00 3.089236243875199239e+00
3.735699694256472192e+00 -1.418921723916528599e+00
-2.082324540138715818e+00 -2.294346921901489367e+00
-4.303860219200170700e-01 1.293329477393199978e-01
-8.314691043466859721e-01 -4.542282617789808463e-01
-4.303860219200170700e-01 1.293329477393199978e-01
-2.453504427738067317e+00 -3.770264491717829625e+00
-4.322828792356041006e-01 1.443928929878877943e-01
-1.017178812005206545e+00 -4.041840616278167264e-01
2.370513185139781598e+00 -1.265011204681835366e+00
-1.565021549196836670e+00 -1.199957999045464074e+00
-7.838610036438522499e-01 -1.925197666482586778e-01
-4.303860219200170700e-01 1.293329477393199978e-01
-1.398405911300282689e+00 -7.503241442151561413e-01
-6.679384455188526193e-01 1.962190903825153931e+00
-5.396529078823898429e-01 9.638024582276958352e-01
3.884805510256669425e+00 -1.123659735188004660e+00
4.893239870315893025e-01 -1.264278924166684949e-02
-5.787734073884980290e-01 1.271091116360160145e+00
-6.880618144449017759e-01 -1.052136180774920077e-01
-4.305124440233430438e-01 1.374145628046851420e-01
-2.523174471225883675e+00 -2.451473855558901960e+00
1.449564759159483573e+00 2.812267577729657964e-01
-1.546587527058660871e+00 -8.475004059481914265e-01
-2.474348404422595848e+00 -3.194746058045721426e+00
2.078696382864675674e-01 3.920032896847118309e+00
-4.545146384280398522e-01 2.527998004808958754e+00
1.395695345426112954e+00 2.672033308008349817e+00
2.363616824348368173e+00 -6.057179094430982236e-01
-4.333188118378540343e-01 1.264159283348057217e-01
2.747242720586364761e+00 5.505674530566812663e+00
-1.731873874289079573e+00 -1.053155455301503451e+00
-8.935390619334769857e-01 2.730749096795220821e-01
-1.147601585153527060e+00 -5.335263009012961577e-01
-1.296957584601959867e+00 -1.087301386106210632e+00
-4.303860219200170700e-01 1.293329477393199978e-01
-2.674836558693658883e+00 -3.016205731900380993e+00
-1.299995782656500731e+00 -8.802458445338942061e-01
-1.255502489198514038e+00 -6.204449808034327996e-01
-7.896871877037983101e-01 -1.707641786044011845e+00
-4.303860219200170700e-01 1.293329477393199978e-01
3.402487821342812246e+00 -5.131071370010317212e-01
-5.832143178989210863e-01 1.326412534847753122e+00
-3.570256391854863320e+00 -4.455885530546647821e+00
5.983219428206393076e+00 -1.442352638925285202e+00
-4.303860219200170700e-01 1.293329477393199978e-01
-9.209988714551186062e-01 -3.170726767455426254e-01
-4.303468213955159993e-01 1.299496962423507818e-01
7.301006597365859108e+00 -1.268108828748917949e+00
-4.307277403079216027e-01 1.290129599347008826e-01
-4.303860219200170700e-01 1.293329477393199978e-01
1.820574436147334607e+00 8.100501454946599234e-01
-4.303860219200170700e-01 1.293329477393199978e-01
-1.068972489334005127e+00 -4.513196392466947704e-01
-4.303860219200170700e-01 1.293329477393199978e-01
-4.303860219200170700e-01 1.293329477393199978e-01
-9.473841004943491795e-01 -3.407288239313523981e-01
5.045711092229481665e+00 1.077290622305481227e+00
-9.301269492109413006e-01 -5.788110190688466883e-01
-4.303860219200170700e-01 1.293329477393199978e-01
-1.416619137204873979e+00 9.158368880676261981e-01
-4.303860219200170700e-01 1.293329477393199978e-01
-5.798154760499645288e-01 1.282869766182502591e+00
1.020766997280449395e+00 1.987316189304831227e+00
2.290961757810396904e+00 -3.436532881982166665e-01
-4.303860219200170700e-01 1.293329477393199978e-01
1.833470315628345171e+00 1.020832729874468159e+00
-1.171811806801612788e+00 -5.443322933638685690e-01
-4.914334251424311573e-01 6.161881378956183042e+00
-8.879537576051683700e-01 -2.867092498389939292e-01
-4.474824183823785106e-01 1.157709757711671561e-01
1.884521320293454538e+00 -1.610682065922573569e+00
4.828458427991501045e-01 2.653801353303518962e+00
-1.620364862890611768e+00 -9.510427361855575690e-01
2.111461677606955689e+00 1.335954625145691077e+00
1.549458458627086310e+00 -1.248196000295748398e+00
-1.006828535236261146e+00 -2.727566198863577096e+00
-9.507201276928023415e-01 4.483283995485274787e+00
-8.777073641228020362e-01 -2.776061160328771038e-01
-1.872209410936450213e+00 -1.458517954113614401e+00
-2.239307339538461339e-01 2.122071171804983170e+00
-3.016033564582933368e-01 3.177591303298295866e+00
-7.082394503362302585e-01 -1.239634816950050122e-01
6.496136943595689495e+00 -1.083835309265421598e+00
-8.810637455514165328e-01 -2.802606140552416081e-01
-4.614513174444894172e-01 1.004060107698032250e-01
-4.319358651815721206e-01 1.277623771291563626e-01
-4.352776917249111532e-01 1.243888227922047424e-01
-1.289156422340313357e+00 -6.505193533937638772e-01
-1.059369137769879288e+00 -4.422629056421612526e-01
5.333325648586239254e+00 -9.467506846102475837e-01
-8.403602011288642260e-01 -2.435748019593651226e-01
-1.153632817268614108e+00 -8.827722638570434377e-01
-8.620945648269430217e-01 1.235455930976555150e+00
-4.303860219200170700e-01 1.293329477393199978e-01
-5.233368086884981896e-01 4.465919154240213101e-02
-4.303860219200170700e-01 1.293329477393199978e-01
-1.213148396758249925e+00 -9.859063104210644690e-01
2.039343603580235698e+00 -4.367082693092506629e-01
3.115934511954683295e-01 -1.599763783827187869e+00
-1.368310139687175742e+00 -7.191484480621932462e-01
5.223377842789236336e-01 4.973836868779121012e+00
3.791161627131626854e+00 -1.889794883925565161e+00
-7.647642524817274134e-01 2.793375454033536265e+00
-6.341490028742234886e-01 1.703438176638893742e+00
-2.265017102376903235e+00 -2.459693844389311490e+00
-4.303860219200170700e-01 1.293329477393199978e-01
-4.303860219200170700e-01 1.293329477393199978e-01
-4.303860219200170700e-01 1.293329477393199978e-01
6.248674843042434368e+00 -9.086972788556724190e-01
-2.269405397092103094e+00 -1.396545361981351263e+00
-7.438314488973769567e-01 2.535145692804323225e+00
-4.815352413347776528e-01 5.328341360184526421e-01
-4.303860219200170700e-01 1.293329477393199978e-01
-5.358844698684872565e-01 9.759842595976977453e-01
-6.028579952408252840e-01 1.485285616431543776e+00
-6.515811626645122701e-01 1.836526325793970349e+00
-5.667259981318039097e-01 1.192386765646329616e+00
-1.305631187820355255e+00 -1.089496950276589660e+00
-7.059345041065895332e-01 2.255162973388328052e+00
-4.303860219200170700e-01 1.293329477393199978e-01
-6.094056696354883673e-01 2.703963538121372245e+00
5.730561257015743593e+00 -1.589828972275522334e+00
3.714819761859220915e+00 -5.613791749004019005e-01
-7.466579106719104519e-01 2.786721103941698807e+00
-1.280798449513399495e+00 -1.066069035347491756e+00
-4.303860219200170700e-01 1.293329477393199978e-01
-7.272176906345779734e-01 2.411942928921296581e+00
5.665676234341435524e+00 -1.209869579664846651e+00
4.585642312991333291e+00 -1.513306620848769324e+00
-7.067719872173916507e-01 2.346261525145565852e+00
-2.692995124873046819e+00 -3.040397801205791506e+00
-1.028974120081397103e+00 -4.153144652893572819e-01
-4.315660409662273045e-01 1.386142467990404414e-01
-7.930232413040423367e-01 3.604943056542734503e+00
-7.928361178138535470e-01 -1.999580470765660312e-01
-7.570664696107929359e-01 2.659752044798632031e+00
-7.997475464486124563e-01 1.831099691216541370e+00
-1.424609818379324766e+00 -1.263340825107715171e+00
-6.490806214562026000e-01 1.837460153359516513e+00
-1.790250274398209607e+00 -1.732382215499851830e+00
4.932341616362635683e+00 -8.500899228446671119e-01
-3.467157280051175405e+00 -3.899480767561934513e+00
-4.331354890321890694e-01 1.266114560562216773e-01
5.272392658514024610e-01 1.267961760041019570e+00
-2.621751073117109421e+00 -2.941944564226115055e+00
-3.133018634346459219e+00 -3.651126092889360297e+00
-8.228383683125866099e-01 -2.270177396900719680e-01
-8.691773376324219980e-01 -4.831437746284055756e-01
-1.568422970194691679e+00 -1.473934123880237035e+00
-5.384982301817219374e-01 9.005827052361268237e-01
-2.639017035982485493e-01 2.998261705659235776e+00
-4.303860219200170700e-01 1.293329477393199978e-01
-4.307355608901340394e-01 1.290056462190940223e-01
-4.303860219200170700e-01 1.293329477393199978e-01
-1.195332034321874293e+00 -9.515556578257620135e-01
2.616065427602378257e+00 -1.444513942620885727e+00
3.750088228029681670e+00 -5.481171307610424037e-01
6.241007107389750175e+00 -1.117721782171182010e+00
1.808968865997396147e+00 -2.249044525324649102e-01
-7.128293108799138578e-01 2.386650309415058846e+00
-4.380385248492099648e-01 1.221573234334043245e-01
-4.303860219200170700e-01 1.293329477393199978e-01
-4.303860219200170700e-01 1.293329477393199978e-01
-6.509430960055241355e-01 1.828849961447985617e+00
1.386365713647859543e+00 -1.145471971214000684e+00
-2.033994303400894932e+00 -2.125786172606937363e+00
2.716719522202219572e+00 -3.875506034448961135e-01
3.099041379846833255e+00 -5.042385350280197409e-01
7.017079571677053984e+00 -1.563169854870514408e+00
-1.986139542185045848e+00 -2.139915424647495179e+00
-1.436615177669581467e+00 -1.283481409197962053e+00
-8.995424197309909164e-01 -2.936764437518863402e-01
-9.918494114264607697e-01 -6.578348459710819940e-01
-5.984641044430178969e-01 1.444290160260474964e+00
-2.474426718723974628e-01 1.791084773872245739e+00
-2.215738958705520734e+00 -2.196331387153072523e+00
-4.303860219200170700e-01 1.293329477393199978e-01
-4.303860219200170700e-01 1.293329477393199978e-01
-4.650761416491237532e-01 9.662295311684439281e-02
-4.303860219200170700e-01 1.293329477393199978e-01
-5.038516610696999187e-01 7.171761501999647237e-01
-2.597191728545049649e+00 -3.530839619870808299e+00
-6.971265566480306930e-01 2.185895381913256941e+00
-4.303860219200170700e-01 1.293329477393199978e-01
-9.182864799181829074e-01 -3.574137383155324144e-01
9.905513321102464630e+00 -1.925917268840866337e+00
-4.303860219200170700e-01 1.293329477393199978e-01
-1.005618323741225284e+00 -6.494751488518079041e-01
-4.303860219200170700e-01 1.293329477393199978e-01
-4.540207385090373471e-01 3.291607264959936496e-01
2.416233515616448280e+00 -5.051438759846585969e-01
-2.306565212690837807e+00 -2.496495034300480143e+00
3.677464176316640465e+00 3.760279755636805610e-01
-1.405626262277607896e+00 -1.198114818485804811e+00
-8.726328839104001700e-01 2.521128762818217961e+00
-1.813086452181455588e+00 -1.800028426490229538e+00
-1.549370427760124125e+00 -1.243739517817508133e+00
-1.327806725839521418e+00 -3.584622053558590982e-01
-4.307475550097517036e-01 1.400244755224196724e-01
-5.021618824108026180e-01 6.914297856510737139e-01
-6.961948978681262723e-01 2.277376269983678370e+00
-7.082715123737305385e-01 2.281499282356022729e+00
-1.078985573518586261e+00 -4.594848321565456750e-01
-4.984805764687955665e-01 6.549724901521202236e-01
1.109807123480221147e+00 4.401210877907423047e+00
-4.443274352931493865e-01 1.159876627138985566e-01
-2.794400480925975483e+00 -3.164962800867433312e+00
-7.816820004708731062e-01 -1.936911774198618041e-01
-9.561131074930028229e-01 4.539134594254960575e+00
-2.199848138156379473e+00 -2.352501996740246515e+00
-5.018003091948464167e-01 6.676107986611813372e-01
-8.900873736453150942e-01 5.118249686891923389e+00
-8.540913982286369999e-01 -2.563783912234623985e-01
-1.790932701285161022e+00 -1.126791706615326794e+00
-4.303860219200170700e-01 1.293329477393199978e-01
-5.180967589409000151e-01 8.330582335009286687e-01
-7.114308848949780772e-01 1.073382078051446642e-01
-1.452852885224089480e-02 3.144537353013311165e+00
-4.349579088675092353e-01 1.302797039725586137e-01
-8.620374044423110282e-01 -2.632413051482302979e-01
-8.850746291855420278e-01 3.578783408499595975e+00
-1.606021091438935899e+00 -1.512896330727468319e+00
3.660577334530606741e+00 -6.552270251344255447e-01
8.328301061456253152e+00 -1.549111531001742037e+00
-1.131246039059047970e+00 -5.076812336780582857e-01
-4.303860219200170700e-01 1.293329477393199978e-01
-7.688440677941821288e-01 -1.789867583315754851e-01
-4.303860219200170700e-01 1.293329477393199978e-01
-4.261905745033774950e-01 2.316007249793818001e+00
-1.381516599634384113e+00 -7.341469491394111424e-01
-1.021313029780804182e+00 -4.077413033016518140e-01
-1.171379045204576697e+00 -9.004297550126724170e-01
-4.303860219200170700e-01 1.293329477393199978e-01
2.647342757882308995e+00 -3.986715256130889395e-01
-6.177343286733928407e-01 1.590150081030271556e+00
-1.133383622677005764e+00 -5.100021011628788070e-01
-8.458536593912455714e-01 3.427160495360955128e+00
-1.064026941667307380e+00 -4.466507044078354416e-01
-4.680828537125207300e-01 2.915309747846856592e+00
-1.129286093314124440e+00 -5.055144913690556852e-01
3.217234311315061213e+00 -1.490021983484034751e-01
6.003856936763371621e+00 -1.017797005267314869e+00
2.975792148369572399e+00 -1.520743154573215516e+00
-9.135803867450769111e-01 -3.103033681157412182e-01
-3.028739820717004871e+00 -3.664341964385688932e+00
7.116982590915925222e+00 -9.736416428342615781e-01
-2.485907303513024580e+00 -1.934645720865238783e+00
-3.799151421458782929e-01 -3.397840504798166350e-01
-4.303860219200170700e-01 1.293329477393199978e-01
-1.028645260796727579e+00 2.143310822281307537e+00
-4.407730951922694262e-01 2.220909730726992604e-01
-1.015993840743220966e+00 -6.232733544492480293e-01
-5.376135099671289774e-01 9.598315333521734161e-01
-2.067438110577842991e+00 -2.168181087108803862e+00
-1.066738461258393889e+00 -4.489406043375864241e-01
-2.066488563077521157e+00 -2.166064759950949270e+00
-4.806618874301565314e-01 8.253941366708587857e-02
-5.374233244262531795e-01 9.677995038747954082e-01
-4.303860219200170700e-01 1.293329477393199978e-01
-5.926884104692169419e-01 1.377918987980083276e+00
-5.618492637745412521e-01 1.137162857152995699e+00
-1.040527691275995537e+00 -4.258326036912723489e-01
-6.493999970258099719e-01 1.824026753611774687e+00
-2.026263980786717767e+00 -2.105069109885349565e+00
-8.345504102337059082e-01 3.558738789788605583e+00
-8.233059840922214434e-01 3.284052633943474575e+00
-4.303860219200170700e-01 1.293329477393199978e-01
-5.077477222701614057e-01 7.325199111281927022e-01
4.265036895941085149e+00 6.532867002421577363e-01
-4.303860219200170700e-01 1.293329477393199978e-01
5.581004485911878810e+00 -1.607024940660256362e+00
-8.813128194889181533e-01 -4.944772527011475072e-01
-7.286739222369322810e-01 2.412583383291659445e+00
-4.303860219200170700e-01 1.293329477393199978e-01
-1.118564681134682992e+00 -4.958807440858917226e-01
5.502324454466569925e+00 1.178091896771871649e+00
-1.074834951886621148e+00 -4.566557012304363616e-01
-8.637494173798675456e-01 -2.648830235291849688e-01
3.704506107682510763e+00 -6.572517771028253408e-01
-7.403623569752729727e-01 -1.519156693436290173e-01
-6.253638200397247937e-01 1.630575394133062295e+00
-5.101900021706169408e-01 7.738013509586428862e-01
-8.951894644675102430e-01 -2.935368857431950307e-01
-2.514171295075635637e+00 -2.301943315744392926e+00
3.626084117897141912e+00 2.771803051792813902e-02
-1.676837220456636857e+00 -1.613810374391893454e+00
3.843921997775757937e+00 -6.210267968272144001e-01
-5.090964287014396739e-01 7.746609025796005188e-01
-7.425088536627244551e-01 -1.549537303450026771e-01
-4.303860219200170700e-01 1.293329477393199978e-01
-2.431877312001380353e+00 -2.661496923660295888e+00
-4.303860219200170700e-01 1.293329477393199978e-01
-1.124495765986788909e+00 -4.160554462298957645e-01
-9.392111892288707020e-01 -3.336274460264914143e-01
-2.424122331978170397e+00 -3.271480044237159657e+00
-7.619339878927933185e-01 -1.727734467451079725e-01
-4.511929706835293152e-01 2.830689731937425790e-01
-6.120654116994520555e-01 1.552626978536746583e+00
-4.303860219200170700e-01 1.293329477393199978e-01
-8.032556309840652720e-01 2.515764650713621098e+00
6.223136324762941207e+00 -1.119889813476718787e+00
-7.798626784983713200e-01 2.852939141742349527e+00
3.677107194166138182e+00 -2.151158288756513659e-01
2.835801991002855349e-01 6.225752327092318739e-01
-9.768936824826643939e-01 -3.678464082120982415e-01
-1.313520230703674851e+00 -6.733612440976217695e-01
-1.291594079524321259e+00 -1.089686076976089435e+00
-1.109387421593627909e+00 -4.889177174693381533e-01
-5.612664345678843869e-01 1.169179926450064411e+00
5.849353901694082758e+00 1.450876525879051526e-01
-1.495138617119424307e+00 -1.255669032308363908e+00
-4.303860219200170700e-01 1.293329477393199978e-01
2.852516301881934169e+00 7.765363842064242073e-02
-9.464903339965530238e-01 -3.410733063266807030e-01
-4.303860219200170700e-01 1.293329477393199978e-01
-9.199905309538098930e-01 -3.159089789185586250e-01
-9.397795850355454839e-01 8.703176573702388064e-01
-1.613114020679814242e+00 -1.520445574490637553e+00
-4.447838760884711973e-01 1.156495412233309178e-01
1.184233360551457226e+00 -3.016328360589744406e+00
4.049630623497133541e+00 1.196261544122217080e+00
-4.303860219200170700e-01 1.293329477393199978e-01
-7.263795971157919196e-01 2.425672160375615949e+00
7.237566905289003039e+00 -1.382090233986924099e+00
3.504977929931921476e+00 -8.366131283283602116e-01
-1.404616533635496323e+00 -1.236100581783398988e+00
-3.435835201859277266e+00 -4.111600946427519609e+00
2.976348805740676173e+00 3.019881605792876567e+00
-1.543158264281560665e+00 -1.121728467109185834e+00
-5.742942402061883556e-01 1.227708090354289183e+00
4.829543780648655193e+00 -2.239999471879082105e+00
-4.303860219200170700e-01 1.293329477393199978e-01
-6.435903459121296022e-01 1.780149256989183026e+00
-2.038572797985561014e+00 -2.126120117564193723e+00
7.379022993792181406e-01 -2.414591944662001666e+00
-4.350960004709484852e-01 1.245599638311040286e-01
7.716231479259844095e-02 3.578599794510969989e+00
-4.303860219200170700e-01 1.293329477393199978e-01
-4.303860219200170700e-01 1.293329477393199978e-01
-5.690434588774498925e-01 -7.248730521757416889e-02
-6.469370073796070209e-01 1.793699780267679733e+00
2.963633671606450193e+00 -3.292862504251758970e-01
-7.863415857025479738e-01 -1.930622594175683271e-01
-6.198695173386626900e-01 1.606508791944671666e+00
3.409101965021040126e+00 -1.175429620914189899e+00
-4.303860219200170700e-01 1.293329477393199978e-01
-6.238579484304165312e-01 -4.696506589476272947e-02
-6.261966322661360884e-01 1.648026053290273962e+00
-4.303860219200170700e-01 1.293329477393199978e-01
-4.303860219200170700e-01 1.293329477393199978e-01
-1.160672780679967708e+00 -5.398349329839058353e-01
-4.307455983900345120e-01 1.318276068804333789e-01
-8.067385483030048432e-01 2.971322483415399507e+00
5.253679125358103441e+00 -7.452144962549694940e-01
-1.069547621705452922e+00 -4.529309278027863761e-01
1.675493045079187393e+00 -1.962257375552964311e-01
-6.186267820478885682e-01 -4.210939322621558983e-02
-5.302444775325092508e-01 3.487891246543948665e+00
-9.936527746247363346e-01 -3.827698358181871874e-01
-4.303860219200170700e-01 1.293329477393199978e-01
-5.895374946275214745e-01 1.393278120616175508e+00
-5.816049232604814101e-01 1.283808296253357017e+00
-4.303860219200170700e-01 1.293329477393199978e-01
-7.547847383374844954e-01 2.630563444494222747e+00
2.917593569909884721e+00 -9.728009208470097535e-01
9.688845020397877761e+00 -1.333683158364526333e+00
-1.603891018287767478e+00 -1.215964115567260029e+00
-4.267701388711147570e-01 1.458886823567178803e+00
-5.638089049494452443e-01 1.155134176832638637e+00
-2.608319677283874150e+00 -2.921331567203648394e+00
1.740460070154558725e+00 5.662125837093675562e-01
-1.018745403650549886e+00 -5.098097979065784324e-01
-1.021164259749323122e+00 -3.632374418233231816e-01
-4.303860219200170700e-01 1.293329477393199978e-01
-2.442764084774144528e+00 -2.964122178872233171e+00
2.311111339637954565e-01 -1.971699778807207926e+00
-3.702260165165732086e+00 -3.734948999029022776e+00
2.050552340749266234e-02 -8.393341661911377649e-01
-1.876988434610971090e+00 -1.894741613939761482e+00
-1.685903649388840853e+00 -1.623930643376828353e+00
-1.297416835911898492e+00 -1.047345988870435285e+00
-8.455615389424193662e-01 3.331215354343852741e+00
-5.432391468663250178e-01 2.596798429264210450e-02
-8.809335589231811481e-01 -2.812857530696593611e-01
-1.447643661215765265e+00 -1.394191904466043352e+00
-4.303860219200170700e-01 1.293329477393199978e-01
4.914112407145183603e+00 -9.345173842490168692e-01
-1.769518254478455344e+00 -1.954128331643473215e+00
-1.404623275182031783e+00 -9.492677128339039871e-01
3.955029429102612681e+00 2.942678521746852072e-01
1.058985285286244959e+01 -1.751072654661367967e+00
4.188839168284487435e+00 -1.141088842467566700e+00
-4.303860219200170700e-01 1.293329477393199978e-01
1.194214317209700660e+01 -2.157903917159055940e+00
-9.657590966605057448e-01 -6.126495539795286938e-01
-8.064508013774885908e-01 -2.131697622513807067e-01
