3.170471796899022365e+00 -3.677179933564195480e+00
1.412172900308636692e+01 2.073780025592701914e-01
-2.374462752912204877e+00 -6.300446854712534517e+00
1.379447603432782188e+01 -6.499515298614992886e+00
1.011896325692800502e+01 2.249763437941219912e+00
-1.073731592282171654e+01 -1.202003925319879540e+00
-1.026000245560214630e+01 -3.569027442242993953e+00
-2.787925706405000259e+00 -2.915227721363438107e+00
4.890498605234832041e+00 -5.274370199590302732e+00
7.887282687374105983e+00 -5.009764978171961758e+00
4.405786733686757550e+00 1.112836920034732202e+01
-7.591579894625869684e+00 1.579383226337643276e+00
-8.903395019292375423e+00 -2.683283545044246488e+00
-7.306693660389317557e+00 2.715545043418984950e+00
-1.323312000151223300e-01 -3.574270000626548427e+00
-9.885404371676090207e+00 -7.357405325873658253e-01
1.317853515467747272e+01 7.759345375184696358e+00
1.239975583238915746e+01 1.532925332024168696e+01
-4.110051183225882809e+00 -6.532940702947723222e-02
-7.341366476292550125e+00 2.211118191943336697e+00
2.622582376296372919e-01 -3.090596890093062932e+00
-4.962889666884096940e+00 1.802009842480205126e+00
-3.904825211670265084e+00 -2.384075078700202521e+00
1.893003472787226027e+00 -6.092483973261986208e+00
-4.180596509561648411e+00 8.836457471225322990e+00
-6.763169831737751103e+00 -5.460469485044001647e-01
-4.372326119628266561e+00 5.316156285173787133e+00
-7.622694813615295217e+00 -7.056619096303237804e+00
1.391825574180242597e+01 7.117485471677453823e-01
-6.421311713615442507e+00 -7.484605320631290137e-01
5.679776119927122835e+00 1.783894130393248068e+00
-1.089479359616616350e+01 1.216715419381515595e+01
6.361964430080167432e+00 -3.578977252451855939e+00
3.806622071019410303e+00 -7.370581906709504416e+00
-9.162283210990219473e+00 -5.479882303804970434e+00
1.178805772300674981e+01 -3.515972193762792131e+00
1.068004879004658569e+00 5.913775170502026057e+00
-1.579743643046615631e+01 1.377954288761007362e+01
-1.587362124597836432e+00 7.226808400534351584e+00
-4.796539781102833189e-01 -1.715276526893705267e+01
8.594750420129236845e-01 9.595138250201664221e+00
-3.399794115033762054e+00 8.848926136418878485e+00
8.576119060760261092e+00 -9.113261184090658773e+00
7.329230349401292699e+00 -1.261288752581335615e+01
-2.416232326515080242e+00 2.559475156997419010e+00
1.232179817406947375e+00 -4.007435636352109753e+00
-3.473956766856429290e+00 -1.124279914442463557e+00
-3.615955189540392745e+00 5.409067100801284056e+00
9.505433978904926917e+00 -1.434288227126370785e+01
1.473581977914193430e+00 -1.077824618626321573e+01
9.682954724512862654e+00 2.263638691875340925e+01
-3.976159814521028846e+00 5.735116411216338861e-01
-1.258976726409529734e+00 5.028230355932637785e+00
1.331860871071165064e+01 2.489065776091117677e+00
-1.146338985839817859e+01 2.523554300854423005e+00
-8.934578728881064080e+00 4.311156346120458949e+00
8.762929264954724129e-01 -1.943895832440698257e+01
1.210204008839710799e+00 4.828537999674714420e+00
-5.305891889009613227e-02 -1.183420548264949268e+01
-5.501473668820858087e+00 4.798361478930065260e+00
-6.935184106773570889e+00 7.623373065956014827e+00
5.972086403020546719e-01 -6.979405414418535791e+00
-5.455668374533617637e+00 3.691754775784114706e+00
1.096316298226579100e+01 1.281504737663220483e+00
-1.058880330828097094e+01 1.223444497575422574e+01
-1.433380106480296590e+01 1.448004376074938904e+01
1.088414025515537897e+00 -5.116615467329170386e+00
-1.068632723451661271e-01 -3.346364548628695257e-01
-4.413652516420227823e-01 6.490691756667388290e+00
-5.285051074331891030e+00 5.246468105723986142e+00
7.628026538054387018e+00 -5.611296889112917796e+00
5.579631499834072805e+00 9.850453116439084056e-01
3.256223068876479054e+00 -1.158514651632663650e+01
-4.177868885684487665e+00 -3.890940186927382527e+00
4.186761520167464390e+00 1.136145516622043949e+01
-6.187671046567589928e-01 -1.261887550385431389e+01
-2.473964150520370886e+00 -1.066311524916363851e+01
-1.638324862965823803e+00 6.288511783622714901e+00
-4.818437035816272029e-01 -3.336681563095812653e+00
9.957263694731693704e+00 -7.560104157624094157e+00
-7.644263879358680569e+00 1.017381461585057778e+01
5.676798683248951427e+00 -7.216867377115464777e+00
-4.956620770604688531e+00 9.579553179216225844e-01
9.750075493911641189e+00 4.684326286487071833e+00
1.875272217956121779e+01 1.760453819387708396e+00
1.766047078094614919e+00 4.201766360837011050e+00
-6.305942609782515973e+00 7.056888009174050680e+00
5.425919855170002748e-01 2.927332140403171579e+00
2.455685523689090211e+00 8.404317422945216665e-01
-4.657212679668313982e+00 2.422897674872578122e+00
1.597598618732565257e-02 -8.228041581169360796e+00
-7.961570051731158060e+00 3.531760184587428242e+00
-3.238511384988207453e+00 -7.832854213592734816e+00
-1.016031615613900030e+01 6.677177283610338243e+00
-4.754607300858872954e-01 -4.425562138682247237e+00
9.674719005634734970e+00 8.833468053986766932e+00
-6.322491881017976212e+00 2.421187071324397699e+00
2.653100651023640566e+00 -2.772019572005288257e+00
-6.734575997125693547e+00 -1.036197602399978024e+01
-1.463482416946053855e+00 -1.191536381981146597e+01
1.476979255120215484e+01 -2.588192746545389777e+00
-8.485529927304080289e+00 -3.317860368363811041e+00
1.583706143745479267e+01 9.691208707702926972e+00
-7.480091491031995332e+00 3.588522488566895596e+00
-4.052781601623664187e+00 -5.427728708950205316e+00
-6.675662125134642633e-01 5.348490485665490013e+00
9.184938266697416864e+00 6.146419820423392189e-01
3.699526273730587178e+00 7.581187177461465865e+00
1.689564888000619547e+01 4.523592611614097869e+00
-3.561325738428494869e+00 -1.481006639802909142e+00
-2.017257456048729303e+00 5.142418533464982566e+00
1.430922943671836656e+01 7.555836219921110875e+00
7.582257139707397620e-02 6.713350161303237584e+00
-1.379164725229620458e+01 -1.496564834742448058e+00
2.237052427763403628e+00 4.145223573581739096e+00
-1.069727323071509772e+01 -5.877847375126591167e+00
2.865818538345174193e+00 1.269949954910474688e+00
-6.128391813634244123e-01 -8.774182976151802649e+00
-1.179940233517829995e+01 5.684244120888209295e+00
-8.389593952146940925e-01 -2.215512229292347257e+00
-9.246760976662031339e+00 5.502263764498207532e-01
1.611099024622270948e+00 8.056250013552608280e+00
-3.831050693714804112e+00 -5.240628158317012009e+00
3.255219025486121964e+00 -3.258907703048395721e+00
-9.755545701671156422e+00 -7.181859272024685659e+00
6.881367630698244087e-01 6.971502052669709126e-02
1.916702781747503437e+01 -5.584067921371692611e-01
4.541192784000040561e+00 -6.071472725498452405e+00
-7.830460454185812935e+00 1.932472573981084851e+00
-5.538238335896570774e+00 1.037472592986209818e+01
1.073588405076465913e+00 5.668642089428160169e+00
1.484041371615174576e-01 -8.136074948325006773e+00
-5.225922295485665003e+00 5.213943505104825071e+00
2.427849798028012529e+01 -5.062614762380643008e+00
3.374577806977346328e-01 -4.618997529421421611e+00
-1.086434813380223297e+00 -4.568257464762660369e+00
-5.794286401038879042e+00 -4.878652890077655790e+00
-2.979060920925131306e+00 -6.694067570218955154e+00
5.293824601533315466e+00 -1.452666651645323270e+00
-3.742331595718791704e+00 5.560355074512412621e+00
-1.003644536579860613e+01 5.300981877270211307e+00
6.268377683694969171e+00 -4.217920674270303039e+00
1.307938325218966913e+00 9.607659113394098060e-01
-4.192208752795209215e+00 -9.568608444336025087e+00
-1.125752791154114973e+00 -8.920788727705721399e+00
-1.295683985434216368e+00 1.089285930829102433e+01
-4.190159647694253309e+00 4.238988967951355491e+00
-3.951853208195946987e+00 -2.047162135589241760e+00
3.311616568511405401e+00 4.839720633563599606e+00
1.011677341375558647e+01 -7.493634311490101396e+00
3.569968468037175491e+00 -5.614904816056999870e+00
-5.822895192525278318e+00 -2.999432231003991589e+00
7.142534203068719556e+00 -2.331685680175866970e+00
-5.690940733248321948e+00 -1.125804166576951149e+00
-9.076035496213044951e+00 -4.865669659174664652e+00
-1.687143512815333590e+00 -8.723339440818524970e-01
-6.838562139983025423e-01 9.478766146538561088e+00
-7.216675088349859379e+00 8.537656881340069503e+00
-2.939387815482065847e+00 1.506641173398691080e+00
-3.434771753736378219e+00 -9.697014806548502008e+00
-4.050237162938628899e+00 -5.477190357645625340e+00
1.210853062421179072e+00 -4.044741513512278175e+00
-3.456298754947523921e+00 -5.422643750522037287e+00
1.171542366140815972e+01 4.458244911963028301e+00
-9.291807905668981959e+00 6.961240164200519942e+00
-2.850863307799381463e+00 3.634691489556880928e+00
3.014141690043753385e+01 1.790703652315902161e+01
1.449701724345811726e+01 -9.095485300022215114e+00
-5.223570863795948149e+00 -3.182063107120952861e+00
6.041305239803741678e+00 -6.295120733925522849e+00
-5.764677630892642846e+00 1.010078480458570960e+00
-1.089063423583801438e+01 2.222343875203911523e-01
-9.334876285923929373e+00 -6.598643875386619229e+00
8.133613092036746650e+00 6.876322867499734315e+00
-5.486151783029818318e+00 -5.904967593445459073e+00
1.660464237513286534e+00 -8.138458949578643242e+00
2.869925426786354095e+00 -3.188453718581122143e+00
2.017291541095445506e+00 -5.700926239107080740e+00
-4.207607760525059248e+00 9.940821005927160670e+00
1.230038766988496945e+01 6.389332979127841483e+00
-2.543575645473560520e+00 4.842046428769881672e+00
-5.337971009262290956e+00 1.146261175695258760e+00
3.214097808571022785e+00 3.662290322991291536e+00
-1.038581933686168313e+01 1.006750983768715102e+01
-9.202554971579109733e+00 1.369723064825429582e+01
4.158592208341073793e+00 -6.992312203526726222e+00
5.162538183599054697e+00 4.414957195054288519e+00
7.959549714967435463e+00 8.107790274896750304e+00
-9.501832106460069483e+00 -2.247447297963545143e+00
-2.684483539979657607e+00 4.993081352450198906e+00
-7.658053307808706300e+00 2.942784474130864414e+00
9.798215008279665739e+00 2.450763831839515738e+00
2.826493531895735156e-01 8.531941887748256903e+00
-2.803867667627031324e-01 2.455103365184393649e+00
4.711077674579295049e+00 1.059018896804806786e+01
-1.304929576940443781e+01 -3.339819605510885303e+00
2.001953840419062047e-01 -5.641928355735296385e+00
1.094643636784715879e+00 -9.150186945421145523e+00
-8.984197609111307159e+00 -1.884374590220663448e+00
4.772111846134350910e-01 -3.051560241740810309e+00
-1.054271888621386033e+01 -2.272685517062687843e+00
-5.284651794147192660e-01 -1.554352952094305573e+00
1.633567843733426450e+00 1.058393982460363780e+01
4.840725740248920772e+00 -5.490514380121881644e+00
6.265436508307058006e+00 1.244216741533911019e+01
-9.870238782581743919e+00 8.958563494246327252e+00
-3.271938428692244827e-02 -9.994810582191913539e+00
-1.058090542475274987e+01 -5.161964999798861697e+00
1.001461587950099918e+01 -5.917594184311159466e+00
1.007459531568616029e+01 2.581233452694278174e+00
-8.167560245667941032e+00 -1.387342371868765856e+00
-4.176085255882419744e+00 1.377748496460252881e+00
6.220301987241929176e+00 4.082264224772718109e+00
-8.746352393745808751e-01 -1.857582707277991574e+00
1.309676276143110485e+01 -5.892266839869201966e+00
-4.363263189090030636e+00 3.818647583341531204e-01
-1.242737871127438165e+00 7.052409664436309455e+00
-9.387815948004664790e+00 -6.077507899253170365e+00
4.130517586128189755e+00 1.799907837923922171e+00
6.547124368818987961e+00 1.046978503151272122e+01
1.762596052631211219e-01 2.473886076135114465e+00
-7.397065859950188838e+00 -1.378960767499501250e+00
-9.425714693909235109e+00 9.217978796049937529e+00
2.334578156148701567e+01 -2.226310166312433392e+00
-6.025922906713018889e+00 7.225399283975631803e+00
-3.374156284326402133e+00 5.653034443430664524e+00
1.022323287153303895e+00 3.332862031750000842e+00
8.439429508218090348e+00 3.021473842520061126e+00
-2.707143466940096665e+00 4.358513677037430867e+00
1.665028674554888255e+01 -6.238433202025531088e+00
1.250696597063492277e+01 -6.050490758270340663e+00
7.038643915538457918e+00 -8.779168753032088546e+00
-6.511410172350002412e+00 -4.687617940132416727e+00
-1.109782044055675065e+01 1.687819409912744595e+00
-4.137268917011782676e+00 -1.047067712817799645e+01
2.602648003272017174e+00 1.370967575199465927e+01
-1.804024657048346914e+00 -3.445054157126823391e+00
-4.024438248147791164e+00 -3.885715916528959646e+00
-2.673404638135878919e+00 3.132125315209149274e+00
-6.343246005556271605e+00 -7.244158975648167242e+00
6.688943515508722903e+00 7.166501266610667997e+00
3.837920649500157655e+00 3.456270729102948192e+00
2.460957388483434816e+00 -4.855155264855659958e+00
8.205879860128488801e-01 -2.155777250250134003e+00
1.542536677465014527e+01 -1.624299032558706557e+00
2.223344469344330321e+01 2.987196201779193760e+00
-1.097172331515324117e+01 6.609386796090561234e+00
2.857253055481168591e+00 -5.057192557747974604e+00
-9.599439243519020337e+00 1.135684472145504831e+00
-2.552707421158202372e-01 1.072162012786510576e+00
-6.556420291462390360e+00 -3.577466257050843090e+00
-3.505518249945771103e+00 6.085497595605795951e+00
-6.730735263166884863e-01 -1.016569422074300899e+00
-7.048647555627960415e+00 4.816220108321402904e+00
5.460794547847950042e+00 -6.917249662839256352e+00
8.048050383282834730e+00 1.672843769214652099e+01
-3.881380325458676062e+00 -7.936053330054375632e-01
1.319864447121808126e+01 -2.791730928376331633e+00
-7.286617616726870139e+00 1.991443746164150319e+00
1.094252056059489320e+01 8.986090476942075966e+00
-1.143081965529925137e+00 -1.919315733633968790e+01
9.176348911020967947e+00 8.521513378130588734e+00
4.250171248228343579e+00 -9.310223247288886839e+00
-1.229124171270873811e+00 -1.113197251628778695e+01
1.151176197152210090e+00 -3.366050101715908349e-01
-7.312540909978015868e+00 1.665481204525231629e+00
8.157799129798599225e+00 2.367776105267313191e+00
4.991401841849851806e-01 4.435884380040485020e+00
7.236591850806261661e+00 7.866354343050759645e+00
-1.304303201081819097e+01 9.339480109522682483e+00
-2.689427465986451882e+00 -7.092675953846848458e+00
-1.010468935294745840e+01 4.426555902753364080e+00
-6.482336425799096524e+00 -9.516813737919306959e+00
2.335638272657145631e-01 -1.099802190181040640e+00
2.148043310401093198e-01 -9.809288044350011893e-01
-2.382336656060272784e+00 -2.938985036783974270e-01
-5.864698225094395312e+00 8.042165736147854460e+00
3.147783189822725980e+00 1.612431061256953768e+01
5.796814347025817327e+00 4.868106104494507314e+00
-3.591169266401869287e+00 5.940727258681436140e+00
-1.820160239541782854e+00 -3.704421591150181214e+00
1.422512820751709706e+00 -8.246627636768327108e+00
9.153386940918512238e+00 -4.095862229852654579e+00
3.140895476957043631e+00 -8.957110898224957651e+00
-1.180456854851477289e+01 -5.522606997598277445e+00
-3.385649891572095171e+00 -1.051839326850501521e+00
-6.901943276662665383e+00 -3.128139774334377510e+00
-5.014295484302428996e+00 -6.645657335406853328e+00
-7.364106634350326530e+00 -7.763502859714779269e-01
1.410718786890135856e+00 -7.829734397422225101e+00
1.354709184034266656e+01 1.655556708525262710e+00
-9.104039209730169446e+00 -2.644813739313545131e+00
-3.799789136612684359e+00 4.567938109447857720e+00
1.579572236637594607e+01 1.549767566479457237e+00
-6.507260131034454886e+00 -3.134106287787482792e+00
-1.002587698126096249e+01 6.668356656119539316e+00
-7.086012328316693143e-01 1.041890693831321713e+01
-5.414300450510998175e+00 6.007500716849961009e+00
6.815093086157588687e+00 2.415385251966834179e+00
-3.248340812653000675e+00 3.782144958248227162e+00
-3.798902284985447686e+00 -1.294350103369282401e+01
3.277933171721877592e+00 -6.367792345662445896e+00
5.947305896062983877e+00 -1.012912220955027820e+01
1.141270769098674087e+01 8.331241767328064540e+00
3.444226701681189162e+00 -4.274261024175808998e+00
1.110466941095739557e+01 -1.561977925275845891e+00
-3.360026937474958508e+00 -8.515074776553126057e+00
-6.388918533881254191e+00 -7.848333328255307606e+00
-5.705870945772098857e+00 8.003044480928920734e+00
-3.377698721279652982e+00 -2.949837847214146880e+00
-1.258310474163127424e+01 7.551685518635252947e+00
1.267577533869473694e+00 3.528881698981305437e+00
2.593550940675806160e+00 9.053929239487585878e-01
-2.205771633952847477e+00 -2.394251773397935601e+00
2.161577465918445995e+01 -2.879538599727842207e+00
4.206771571149459099e+00 -4.214932426794752551e+00
5.700520664729659792e+00 -9.874783457547043897e-01
1.978499477254746397e+00 -1.553464155211307407e+01
-1.143615095176545182e+01 -5.422849311316824128e+00
3.704512512305242922e+00 2.475361084172928106e+00
-1.135099847150829966e+01 -3.740337071262654245e+00
2.246540338856099339e+01 1.114471009137707291e+01
4.099327321956196535e-01 -1.655658715056474506e+01
-8.142996200019501085e-01 -6.422402095793049881e+00
-4.391365575086856765e+00 9.684132447977244595e+00
1.557572844252089084e+01 -1.146259237604364323e+01
-5.621155929554297437e+00 1.590751575342578938e+00
3.508090746357152678e+00 -1.307977159502683406e+01
-5.711300763429569827e+00 3.050745060013063892e+00
8.959480250944865887e+00 1.138420851349803797e+01
1.443421505939374905e+00 8.230465028338603162e+00
3.428565611009683156e+00 4.454435547799020512e-01
5.426022632000549351e+00 3.442770130090089697e+00
-8.791395263609523170e+00 -3.919853484485058104e+00
-7.954292813647153793e+00 1.103772621767176432e+01
2.665740805426635163e+00 -9.359023455858764606e+00
-1.194723281983537078e+01 -9.833090407368530350e+00
-4.189097346364296648e-01 -3.166652370725432153e+00
1.104088065924161732e+01 -3.167025656875590567e-01
1.744237104860805232e+01 -6.950154903115771887e+00
-1.002800770688422816e+01 6.839492075345815714e+00
-1.514279318344830205e+00 4.292169091049753860e+00
-7.599325580666678626e+00 -6.763076095276189470e+00
-6.661294602881604909e+00 3.642887198642011271e+00
1.518844984704958634e+01 -7.127730569157728624e+00
-1.079543179801458308e+01 1.815312715284696843e+00
2.091565283074465320e+00 2.910902953120634962e+00
9.407373901378711878e+00 3.841788302225715768e+00
-8.916996761984528064e+00 1.014400695573340450e+00
-1.863821930617652223e+00 2.094434896818383685e+00
2.672653347266107815e+00 4.603227850288783785e+00
-4.071759140736332938e+00 1.277745108201165491e+00
-1.339463837719707584e+01 5.040929492171197790e-02
-3.486136232745375096e+00 2.185936511205532895e-02
1.110752788508468925e-01 4.735024458508876322e-01
-1.188871261358067422e+01 6.028004681135977094e+00
-8.762069122153427259e+00 -1.323889331034042627e+01
-8.244131380720616242e-01 9.213852789675383903e+00
-5.995946338276903376e+00 7.957933592610566542e+00
-4.455008858128401528e+00 -1.567836286209919194e+01
-2.211969772565318237e+00 8.455753756478814331e-01
-1.114896386706573672e+01 4.420496181562168836e+00
7.523327615562720894e+00 -6.268220359479372839e+00
8.135787462701418171e-01 4.089264170083637850e+00
-3.410074176979351002e+00 -2.559182431791276358e+00
2.892083528483926358e+00 -1.198029136115196636e+01
-7.318243896847125285e+00 6.608841166481349561e+00
-8.951861869878380062e+00 -3.233219716015526046e+00
-9.026829416794937444e+00 -1.414353866732236042e+01
5.365445761429584515e+00 -1.640800760185890272e+00
9.388868523814680955e+00 -8.475229017073184323e+00
-1.984819342468621350e+00 3.549360977722632704e+00
9.561127518411352000e+00 -1.246132459067893050e+00
-2.420547909707572831e+00 -4.221745202592153134e-02
-3.789289818315805469e+00 8.577194634538571449e+00
-6.637283552694934308e+00 5.069917681744702698e+00
-1.551759632960329816e+00 -1.256285135866060720e+01
1.579465782746348701e+01 4.994574248809066752e+00
2.887345753211224775e+01 1.091555930748947212e+01
1.085454888015382480e+01 5.004511463585741282e+00
5.877658290719027789e+00 2.388799996693804495e+00
-6.482617049568784928e+00 -3.902054218260925911e+00
