6.998919630710602746e+00 -5.487119738239477407e+00
6.945701881532803101e-01 -2.035420617690526512e+00
9.153330407914006539e-01 5.720837203619958400e-01
5.269726268587500151e-01 -5.544681181660618963e-01
-1.447365499058710592e+00 8.089930343918413369e-01
-4.829275619986156620e+00 8.865563176508584053e-01
4.809516546984752061e+00 6.488961312776133639e-01
5.947983128417514642e+00 -1.869018415986495096e+00
1.858510559730070844e+00 1.901747785078981678e+00
-4.458037018020347908e+00 -7.168485382740462653e-01
4.653989222734666420e+00 -4.465239596441604064e+00
6.789696255956513049e+00 8.924884071089250526e+00
-3.696869048970691241e-01 -1.237743322803733115e+00
5.641735397759217285e+00 -7.669248532143346786e+00
2.950877828288613891e+00 -2.121205621304596889e+00
-2.216843221493746352e+00 -6.032277780305422832e-01
-3.435139881625186131e+00 -2.653412022296074146e-02
1.125356599826289550e+00 -4.842060577265068777e-01
-1.805697091177099978e+00 -2.649473110124441200e-01
4.091965449921518561e-01 -4.628876912779978925e-01
8.462999981627621349e-01 -1.711223156895874398e-01
7.583316148322496453e-01 2.125317846649921627e+00
-3.129379425180425667e+00 4.544954186234684279e-02
2.000769496050009533e+00 2.580528273466098810e+00
1.277993743205033228e+00 -2.653271947329707281e+00
-3.202451568845185559e+00 -3.732784978514112062e-01
-2.162748098865386659e+00 4.281400591999949157e+00
3.558204317084151302e+00 -5.163358705591391207e+00
5.164037816244264611e+00 4.958024472210495470e-01
2.639713265437972911e+00 -4.723163600683686347e+00
-2.808252570154023076e+00 -6.676172061980037986e-01
-2.916029260376439503e+00 -3.212440376362186711e-01
-2.864546748885695493e+00 -5.537546716088410648e-01
-2.414429729891447884e+00 1.264423010687826532e-01
-9.889298281009109015e-01 -1.156097785570281700e-01
3.296983789635994810e+00 -3.579611597259195754e+00
-2.496153477056486825e+00 -9.264930526909492814e-01
-1.534340648670882601e+00 -1.688404187352937180e+00
1.755355148241415142e+00 -1.532724045938810065e+00
-8.703535486315098213e-01 -1.443525651822261446e+00
-1.237060625256060753e+00 9.554607047619141369e-01
7.552884175473846273e-01 -1.900641638301132641e+00
5.429860172987605260e+00 1.501889738915428429e+00
1.392973094598213057e+00 1.252660897083973657e+00
-2.078388109211052548e+00 -6.844428188324077622e-01
-5.738894139679327822e+00 1.025332939289153589e-01
-2.634607192642929085e+00 -1.439115122547502124e-01
2.107197663768003437e+00 -2.616887351701541853e+00
9.118847513481666667e+00 2.489655995759465223e-01
2.447161465970414174e+00 -2.343465890346950964e+00
-3.018511980327679201e+00 1.269840912795648702e+00
-5.484979479630526455e+00 2.609642230161973164e-01
-1.769385748577283257e+00 -1.762955977573002375e+00
5.849524594754543116e+00 -3.068511056280836868e+00
-4.732479808020854661e-01 5.459116287780179100e+00
1.106647970977165762e+01 -6.583581186489380066e-01
1.139099838089848049e+00 -2.938410406721651658e+00
-3.842904870647501525e+00 2.756296221261988588e+00
-2.225673990344157360e+00 -1.199573986499825190e-01
2.139084083202801967e+00 6.359417582994556506e-01
8.195641676073099902e-01 1.104621451591675019e+00
-3.898550617099280302e+00 -1.479605694108471550e-02
-3.306770122354794061e+00 -1.586294585982529259e+00
-3.706426489718372519e+00 -5.881884645721181526e-01
-2.304166864299950213e+00 -5.414922858442281495e-01
-1.425424817812553702e+00 2.069220590030156071e-01
-4.768355599238058851e+00 4.438874670151295554e+00
-1.065423228300697245e+00 1.093387639717507520e+00
-6.674147357826169191e+00 2.088609309359346911e-01
-3.968208864654790280e-02 -1.085370770847814859e+00
9.544365864847133007e-01 4.894983360514561177e+00
5.457496262751684313e-01 -2.387822917948358548e+00
-4.825207915016894944e+00 3.302470015831024952e-01
2.886000132842338139e+00 -2.812968985889543028e+00
-2.698089320532016888e+00 -5.057318478975211251e-01
3.523424881027413247e-01 -1.506997770197912700e+00
-3.041543074134865687e+00 -1.012028801575185932e+00
-4.760547808705214434e-01 -1.522003262527774181e+00
4.865733790902787348e+00 -2.588354107246885860e+00
5.698185015492988725e+00 -2.927360599469990721e+00
-1.896186463913144493e+00 -8.258133394926485682e-01
-2.638803939919985631e+00 -6.729218463700681330e-01
-3.686123878995914982e+00 4.447264254432358177e-01
-2.389061030254234108e+00 -3.271488869001658584e-01
2.215132107246482462e+00 -5.576176262879836143e-01
-4.279680820129091678e+00 2.037238245867330377e+00
-4.264846536549528722e+00 -4.143817445089127971e-01
-1.494659205271697822e+00 -4.672323065354845317e-01
-6.442006067271718095e+00 1.806104382110823581e-01
-4.525441252219576604e+00 -5.713470713767412335e-01
-1.396354443121689881e+00 -9.906797402978122224e-02
8.288870603293064576e+00 2.181899443203488609e+00
-2.364553359550997769e+00 -2.002748598777411626e+00
5.135616891238590220e+00 -1.131278140492462336e+00
1.213356567054890034e+00 1.429255132268613337e+00
-3.605601025495553280e+00 -5.608696316662165060e-01
-2.881539544180398593e+00 -3.891005211615063408e-01
2.545385671083538082e+00 -3.269754883269023193e-01
-2.174752180322321760e+00 -2.500850162372358389e-03
-3.324393705943398114e+00 5.759127092248806923e-01
-5.478816317886520793e+00 -9.116344983911572886e-02
1.198624506374873278e+00 -3.960040529953456345e-01
-1.809898729544528573e+00 -2.115067401406852454e+00
1.255265588641242713e+00 6.608703956379521571e+00
6.572510845538450219e+00 -2.830160562221903486e+00
-2.502907881149505798e+00 -4.473931866577886551e-01
-3.240511302702215879e+00 -6.111247214496051683e-01
-3.233868916555215467e+00 -9.194508229885681727e-01
1.533378944389877541e+00 -2.912942945966758013e-02
-2.219597135374133501e+00 -5.002518076564181904e-01
6.732574067336461354e+00 -5.565338706085851683e+00
-2.380674829758619104e+00 -5.978401555206843687e-01
-5.374805332239115246e-02 -2.323730482994455393e+00
-4.153374177867199535e+00 1.811115718351054005e+00
2.889384578898047451e+00 -9.553738630334251969e-01
1.003423677316713503e-01 -8.049535480105464158e-01
1.100408686537122094e+00 -3.459448343271399606e-01
1.430766956927914224e+00 -2.075332142603999230e+00
8.696638768755432514e-01 -2.473085394766709744e+00
-5.996084604116210137e+00 1.726131335413096490e+00
1.960542188861386759e+00 -2.191317035056785656e+00
-3.341158400416242569e-01 -3.759276920187875626e-01
-2.189241729459773911e+00 -6.089604415189034947e-01
2.189195277501026826e+00 -2.174578553339605147e+00
9.317356305125147342e-01 8.551503369929761789e+00
-2.981747900942353979e+00 -1.160359407199256898e+00
4.883508346426624236e+00 1.921505985156192420e+00
-4.862428111467280267e+00 3.970608012136898068e-01
-4.579695774769059646e+00 2.201261834310308529e-02
-1.055574317601300910e-02 -1.402163288807449337e+00
-1.123867552426228267e+00 4.877480335350503071e-01
3.524253255232500659e-01 -6.826166194259054576e-01
-4.505265422888092286e-01 3.431241615535159384e-01
-1.511676842782014640e+00 -4.333542400074547607e-01
6.102391156696951313e+00 5.812034831418976921e+00
4.023584424055071551e+00 -2.450815982346723931e+00
-4.661178707667603227e+00 -2.774195443272474693e-01
-6.986334685162290947e-01 -2.211155713405423273e-01
-5.021452263294967189e+00 1.953858828850744134e-01
-2.018232775806418022e+00 2.513669374838300996e+00
-2.545291289027739601e-01 -1.603593458239046310e+00
-4.926135064547640496e+00 -1.168063881415322830e-01
-2.551813329213889592e+00 -1.232506400270266367e+00
-1.778564889333008325e-01 -1.203486517303129277e+00
-8.798288582218921627e-01 -1.076915232698670843e+00
3.017423212799529519e+00 -2.486288691867366563e+00
2.693629420398050645e+00 2.257550175954047056e+00
-3.838759654762431001e-02 -3.147996076777960783e-01
-8.133369719795113806e-01 -6.649231904835369855e-01
5.301710322826625799e+00 2.462053015262196443e+00
1.056486269866086847e+00 -7.641403967519473373e-01
-4.129809725428724931e+00 2.936422818124714063e+00
3.229444390546214461e+00 -1.717550117365438167e+00
2.048604755942202704e-01 7.261904130658235479e-01
8.810374432093960095e+00 -5.900843966570812782e+00
6.971963859682686504e+00 1.712535825507821485e+01
4.275301731595816390e-01 -7.192991307098506315e-01
2.789174653270856674e-01 -2.113255789035601850e+00
-2.748831878492828729e+00 2.263178502870005215e-01
5.074715569644726365e+00 -1.350477098332647508e+00
-3.407248213946462378e+00 -2.452796716426007828e-01
2.776136046711810135e+00 4.567128475922489272e+00
-7.322677049516742587e-01 -1.635166844451080514e+00
3.685916674385835368e+00 5.597201205324362938e+00
6.272310742468211409e+00 -3.729622641836638497e+00
-3.428093193078959100e+00 -1.003544289318268667e+00
9.039923831887946015e-01 -5.817459817241957820e-01
-8.063550886757082647e-01 -9.270775085052769260e-01
1.213355202327882587e+01 3.879725988025080063e+00
4.982175593590341678e-01 6.343276284701661050e-01
3.398206502882972213e+00 1.458065374463777819e-01
-8.186262357027973557e-01 1.530360240215159207e-01
-2.698778017977648602e+00 1.257293865027517166e+00
1.226217853897491139e+01 -7.013088617711466632e+00
-2.114905073216624576e+00 -5.277349117153103952e-01
-1.722442215869389059e+00 -1.571352560358808270e-01
-2.880547084854011342e+00 5.710861741275809145e+00
-3.445575569062687471e+00 1.213881109360242794e-01
1.333978444299423360e+00 -3.126872642387175993e+00
1.785732152776009718e+00 3.266284642672553917e-01
-4.349376424872636981e+00 2.345446546908524610e+00
-1.129867907442005492e+00 2.880863479951359940e-01
4.639278408139998255e+00 -4.613583944498362399e+00
-2.732076821931886279e+00 -2.407795841277360627e-01
1.529674641116940625e+00 -1.263974061209488520e+00
3.234615747551847775e+00 -1.561568630975122829e-01
1.805602625487167989e+00 -1.120595176218097899e+00
-7.786422126221423934e-01 2.178263506303298680e+00
2.369634308480951024e+00 1.126941071535137784e+00
-7.125375888522244017e-01 -2.764133645757137492e-01
-1.633916704376653595e+00 -6.078990358801656946e-01
-6.087784709342174416e+00 1.945247967122245292e-01
-3.240266599454782348e+00 -1.268871434220545602e+00
-8.379951739413592504e-01 6.856267341345191335e-01
-1.325043941988183427e+00 -3.987810261543487944e-01
-6.943648916412546335e+00 -2.955320383626784397e-01
-2.461962480505033302e+00 5.363761326878670188e-02
5.627506916396899372e-01 -6.667715314992968267e-02
1.661274546408710862e+00 -1.480731317642746347e+00
4.865358812054141779e+00 -1.170370388950110696e+00
-3.073803612077884218e+00 9.801313333864672406e-02
6.756698094611052419e+00 -1.459473742261960250e-01
-1.056158069486300838e-01 9.330383939891742084e-01
-2.176629956241356023e+00 -1.805207375119705526e+00
-3.319051322294414685e+00 4.104609574439539443e+00
-4.516170040669697627e+00 7.054087843293066484e+00
-7.387260681634554293e-01 2.194707433829258036e+00
1.473641268877290411e+00 9.098843971426932242e+00
-3.102194996253623938e+00 -2.045833441733385383e-01
-4.555485355626190946e-01 -8.929193611716781387e-01
-5.245589589456849389e+00 7.922794438525841976e-01
-9.102361568666399450e-01 -1.718521109856822937e+00
2.448233565118070221e+00 -4.020353346100567493e-01
-5.200729470368010254e+00 6.055901860453935352e-03
6.227022821899605987e+00 -1.369560218597321688e+00
4.151780881714410398e+00 1.358963654376979191e+00
2.654423023166763151e+00 -2.756076879365807475e+00
1.654351713846696015e+01 9.889748428138890546e+00
-1.958520919309874042e+00 -8.296681794767510887e-01
1.105621311675602930e-01 -1.600703533264053346e+00
2.227233531272365674e+00 -3.342004241375976292e+00
-2.229506294394642651e+00 2.599761746185826450e+00
1.185092522481516086e+00 -2.206079149748366941e+00
-2.173468033270243627e+00 -2.144751339931344758e-01
6.950738472585966665e-01 2.745046529051853756e+00
1.830748369044524537e+00 -8.726595417060680759e-01
1.716418042122821008e+00 -1.685436307213790563e+00
1.247538170766095433e+01 4.419004319513185841e+00
4.414315700302452683e+00 -2.698728790616878648e+00
-6.522484596861967132e-01 1.025623375128082326e+00
-3.481710551148470500e+00 -2.852364557144254076e-01
-3.257115566504500404e+00 -4.392964308778306570e-01
1.932937433900487667e+00 -1.879816588339243477e+00
4.514202843507910679e+00 3.248978767313173144e+00
4.204463720015548134e+00 -2.921958305404996459e+00
3.444598261759504787e+00 -1.415815626409218542e+00
-5.046954613914461873e+00 4.979583011134819381e-01
-6.425660104575473319e+00 6.264067443222666176e-01
-5.304191047461365160e-01 -1.418732608413662444e+00
4.561854214607140356e+00 -5.397064432682608270e+00
-3.582868697685272497e-01 -2.459981738935959061e+00
-1.434603389806293539e+00 4.098380369427864878e+00
1.167912262853582961e+00 -1.373606954106124434e+00
1.497555893567516172e+00 -8.452363441159710389e-01
-2.426428164466158499e+00 5.778252718959364653e-02
-2.361053027929020054e+00 8.271332762135074068e-01
7.837409948557019224e-01 1.449591955638548368e+00
1.463501675482323172e+01 1.497445404759768905e+01
-3.749552144327860326e+00 3.648220749314308731e-01
3.431703024070398733e+00 -4.919410214751711585e-01
-5.675179578835757965e+00 8.519685378943760989e-01
5.763376826058793867e+00 2.864634853152663752e+00
-5.598165477356749520e+00 1.161638035411282521e+00
-2.595752089710148258e+00 2.475646140133984652e-01
-4.252925412231744140e+00 2.368152585056637172e+00
-8.694085432557087378e-02 -6.743860510077966941e-01
2.806192242011169569e+00 -1.513332821781324000e+00
-3.240547575153393645e+00 -8.958233635259035821e-02
4.781891433544796510e-01 -1.241388804533945400e+00
-2.055650368492643043e+00 -8.040341043265446519e-01
5.951396298161529819e-01 -3.786422882491141673e-01
4.430068456036233004e-01 -1.835177518398743157e-01
4.011566264975419571e+00 1.231677555012797715e-01
6.915256782409353598e-01 1.342224812327404093e+00
-2.354751917661126459e+00 1.079120084277590541e+00
6.935377179554919058e-01 -9.626539944594896259e-01
2.382538172337794524e+00 3.810097209507462335e+00
1.996881436035029544e-01 -1.593172173296249383e+00
-8.784969881709688844e-01 -1.514766962592678734e+00
1.984694945808397115e+00 -3.340060822139848895e+00
-2.519805493443921129e+00 1.287695992441548087e+00
6.984862626876541469e+00 4.036198189896719413e+00
-1.257449546190323675e+00 6.359950466296297733e-02
-2.744263981981481137e+00 -6.506341671912223568e-01
4.310407646467877107e+00 -4.586925889077646090e+00
3.538406739140770085e+00 9.205627238643546706e-01
2.939301026982315879e+00 -5.136840238761873900e-01
-1.161260316019505912e-01 3.281027190946165378e-02
-8.329040377990225286e-03 -6.951434947688647226e-01
-3.309583320883866087e+00 -6.803460142954015355e-01
7.630284126090824515e+00 7.537965848300822724e-01
-2.024241697602065404e+00 1.123390778761412356e+00
-3.059609025900956070e+00 1.327912927130017406e+00
-1.752649603201610340e+00 -7.821715225829807272e-01
4.244457827690428786e-01 -1.076191130654988726e+00
-7.347779371751526067e-01 -1.318037439626605023e+00
7.463653269247559230e+00 -5.924883909952010086e+00
-4.078697050923509870e-01 -1.508566974924073767e+00
-4.061472899049901386e+00 -1.777926340992688758e-01
-3.195881642311444004e+00 -4.128533215712545390e-01
-3.234669754848422674e+00 5.370826913608344189e-01
-3.318010705014760475e+00 6.089555078209265560e+00
4.209504730056508492e+00 -4.522027116311181594e+00
-4.061895694008746283e+00 6.194328853413572089e-01
-4.267267031129815535e+00 8.967994896726100285e-01
-1.903691917599341421e+00 -2.145240590898072508e+00
4.943980462371508011e+00 4.917134694553107366e+00
-4.573403993523788458e+00 8.318245001246904469e-02
9.688962869950412227e+00 2.004517425442570300e+01
-2.780903845035487265e+00 -1.234811139498983801e+00
4.960283968940842669e+00 -2.215887503683545035e+00
-7.823683963866268076e-01 -1.861029112653274920e-01
3.511087190665614699e+00 5.515861231540022835e+00
2.259109323497041188e+00 1.619673251467000918e+00
-2.386019751432314706e+00 -8.494825425698899757e-01
-1.070080645174407818e+00 -1.534508475824339246e+00
2.912321177204156619e+00 -2.215154588339849351e+00
4.635988036025018744e+00 -7.510377780511570678e-02
-1.961961732939482950e+00 1.032374046423359282e+00
1.132515894701465048e-01 -1.402807742510014721e+00
2.605751138263297517e-01 -1.910644901974650200e-01
-3.610620618349690947e+00 -6.375590537346133013e-01
-8.418075148264808627e-02 4.421182132234445561e+00
-3.072083508985998357e+00 7.327490201173685047e-02
4.559203949077097029e+00 1.295179144583620046e+00
-3.823280244768596070e+00 1.144910264199091143e+00
-3.325021645599087528e+00 -9.021837101770100453e-01
1.649089679593296331e-01 -2.564673079779436482e-01
-1.813777186905718652e+00 1.233221984538090954e+00
-2.375065975214728731e+00 6.968107687716279530e-02
-3.181353575135833278e+00 -7.839042552593906699e-01
-1.106448173050590844e+00 -1.092625146981359485e+00
1.366484825139559378e+00 8.795514213078416133e-02
4.575659040778565223e-01 -5.618564996155533259e-02
-2.227142831670215761e-01 1.018141212712776189e-01
-2.247024572414011878e+00 -3.481447436161882458e-01
-3.062415719012895998e+00 3.902630624740052401e+00
-2.662055530239071821e+00 3.162367962562484536e-01
2.173522759881186595e+00 -9.456937642593665760e-02
-5.858856718214286552e+00 -2.093153217807635358e-01
-4.659463861804854723e+00 2.223319552702194279e+00
-2.024318571691168245e+00 -1.370964053704117225e+00
-3.137869210219061511e+00 -6.855594851513608923e-01
-3.321042233980303404e+00 1.042457614300182467e+00
-4.587306746225727316e+00 6.296871067265848165e-02
4.546940016673560181e-01 3.745434367208609228e+00
-1.621130854443222580e+00 -1.735054945141093485e-01
1.065180827201996916e+00 -2.245800708063421247e+00
-2.732150667333525629e+00 2.477564420554992652e-01
1.616931972393717443e+00 1.865457148351697958e+00
-4.277895619689059181e+00 7.056902167819717464e-01
-3.134575322410513287e+00 -7.001609175414112707e-02
6.178731255791344523e+00 -4.611193192199885438e+00
-2.520575612626222206e+00 -2.404707628749877535e-01
1.279601651964163755e+00 -5.536605895912279918e-01
3.935278742387903428e+00 -1.857346531115249721e+00
6.990062927470763299e+00 -3.084619998713291622e+00
4.391275208181142808e+00 8.022161579428852551e-01
4.745273061199371867e+00 1.072714129088364832e+00
-6.071801053316580266e+00 5.920661235758827301e-01
4.702064144088595299e+00 -1.092461935151025854e+00
-2.541349217448080733e+00 3.582736176600161304e+00
-3.034874656531831416e+00 1.414269133101900833e+00
-1.477869462133276912e-01 9.427022793898289788e-01
-3.391067479374529459e+00 -5.970695987310036257e-01
-1.358509501243239548e+00 -1.752888560698383502e+00
-3.023402550318846860e+00 -8.295510243426456043e-01
-1.576400055174840276e+00 -1.447178232302814838e+00
-2.559518318316568397e+00 -1.079640491268625935e+00
-6.003025276006836108e+00 6.813121787765109572e-01
-4.038485829611390798e+00 -2.022200396864026750e-01
-1.963621554861133323e+00 9.497674097281795236e-01
-3.916935802126318755e+00 -9.358756945291961671e-01
1.224441226881219924e+00 -3.100463928092779486e+00
4.500356836034362651e+00 -3.592939022939851235e+00
-5.248672565116193844e+00 -3.391485475024783036e-02
-2.589153190239202651e+00 -8.726701413995083811e-01
-6.549803637641356424e+00 7.599789640837946447e-02
3.068390686916786514e-01 -2.043208153578696340e+00
-1.421680262519774640e+00 -4.288352516515536034e-02
4.769987346897512914e+00 -3.177820369263535838e+00
1.395650423965588693e-01 -1.881664539954036819e+00
-1.478655274195432856e+00 -1.585041012095698365e+00
-2.740885859699090932e-01 -1.205180402325960243e+00
-5.270136530181988910e+00 2.302320670085949761e+00
2.828368353862673601e-01 -9.481025544598095101e-01
1.504809323157155454e+01 1.684770869697631290e-01
-2.592430184522860781e+00 2.238713758529010001e+00
-1.940977398766431161e+00 -5.394656019179648876e-01
8.234008135197704803e+00 -6.909887258067989535e+00
-2.469400598511801270e+00 -6.571940397272827417e-01
1.491411133338034212e+00 -1.634778461683414452e+00
-5.095510130879650212e+00 1.278005568123542268e+00
-2.997724004853919322e+00 3.299699954924569578e+00
6.847138240485128868e-01 -1.345602931406310265e+00
1.007878520895318486e+00 7.200488043223207679e-01
1.230557095194737105e+00 -1.300764023822195137e+00
1.675437389120698617e+00 -1.964123784255309646e+00
-1.372828244395292607e+00 -8.909669134481598141e-01
-2.181891048159423807e+00 2.673741269842630164e+00
-5.734622874113509461e+00 2.672521934281397726e+00
-5.819917419047327733e+00 6.407579716723806884e-01
1.222211584676745399e+00 -1.087180922343504053e+00
-3.993402545005628190e-01 -1.438731181453847707e+00
-5.783200067057832960e+00 -1.137706245620344640e-03
-5.225455641927510442e+00 -5.781044274129330807e-02
-4.043227629576644055e+00 2.777774573379649947e-01
-4.949745832282931524e+00 -9.371471986110465613e-01
-1.392945951213128142e+00 1.183289594523972754e+00
-3.007124110220305457e+00 -1.581874859501831931e+00
-4.575595724384611707e+00 -2.195082384944397336e-01
4.680657176652961660e+00 1.769047513140390215e+00
1.942570404140733231e+00 -1.166192104226027454e-01
-4.707677476084092483e+00 -2.382060461530686457e-01
-2.629417187963600452e-02 9.754183541281288283e-01
3.417836602493234288e+00 -2.119517321455480996e+00
-2.043410879086755116e+00 2.528560098024960068e-01
1.334685897687013512e+00 -2.722964794612083406e+00
3.318036015570104080e+00 1.108260533174616480e+00
5.824167027251357709e+00 -4.903780126441950493e+00
-4.721190720152098841e+00 -2.353292798900669391e-01
-3.614937441833671272e+00 -2.097890280408765129e-01
3.876003641045798975e+00 -1.651538347081560554e+00
1.678364764617328087e+00 4.313068031748716002e+00
1.479713006343868598e+00 -8.434891628060880997e-01
-3.491698029851272089e+00 -2.135599670388987348e-01
9.229330893566529692e-01 2.333059445293301337e+00
-4.564995947305317436e+00 -4.354309884096585481e-01
5.670202425876573749e+00 -3.612514122154896867e+00
-3.213304219506248227e+00 -4.207322105904435783e-01
8.784687219234144084e-01 -2.821312944899762698e+00
-3.721046430676412164e+00 2.867247527914057806e-02
3.188025127500374367e+00 -1.660749557066719673e+00
2.009124029862489280e+00 -8.125691764612902324e-01
3.149055473039072406e-01 2.102849155195491704e-01
-3.424687078437432808e-01 3.876966975005421645e+00
-1.645009218703697096e+00 -1.175184762682696338e+00
-1.114745274444622680e+00 -1.353943405453508220e+00
-1.169529426669558392e+00 -7.106732089172814737e-01
-1.961864019691055949e+00 1.809355128023494019e-01
3.475225331070673995e+00 8.648443968462451892e+00
1.915433424981537014e+00 -4.053533962604271568e-01
1.374703450423953477e+00 4.618811218556365006e+00
1.245496445430447352e+01 4.987277357148936496e-01
9.617561867351837046e-01 2.009457044897603240e+00
5.755661182897445771e-01 -9.847141733246131956e-01
3.192560121775677828e+00 1.941480751903259749e+00
-3.258011834902145409e+00 -1.880309690529208821e-01
-5.319951942460265037e+00 2.153186383018129701e-02
3.228850748630108569e+00 4.795535506674903914e-01
5.757961282841012718e+00 3.341538068031057129e+00
7.998500478737458064e-01 -1.658881345922627926e+00
5.876266167347782954e+00 -1.201891607950683838e+00
-3.943596112136952492e+00 2.921316004989429338e+00
5.673002422362383612e+00 -5.826240885044463802e+00
-2.663671327460745086e+00 5.538548344959427494e-01
-1.064359236140937970e+00 -1.001203579768921603e+00
1.278583729593857221e+01 -5.040367091524910137e+00
1.482231319192503172e+00 -9.271269367289659558e-01
1.663248267186559159e+00 -1.166014363088357264e+00
7.186444175110000554e-01 -2.125248805797698370e+00
-2.812255504034682385e+00 -1.796799947500777650e+00
5.459569398255181838e+00 1.239867468635113129e-01
1.717541613330070271e+00 -2.164939657723182531e+00
3.980064750584286326e+00 -1.516497948608307889e+00
-4.533738242017057551e+00 -1.060544211011398508e+00
3.127299472656873691e-01 -1.398309987269297006e+00
-3.134477865840211930e+00 1.031594053871309535e+00
1.669611195526213399e+00 -1.906374124685280558e+00
2.593564440377483571e+00 1.000856919970658510e-01
-3.082789890031480962e+00 9.525242619797478216e-01
3.503031314432186960e+00 2.278661388664222909e-02
-4.071709752928561521e+00 3.945932951364886643e-01
2.949183966006619695e+00 -3.925722554905712425e+00
-1.251789470678179139e+00 6.701007036501152037e-01
1.695282653967300268e+00 -3.546554464217358760e+00
-1.096878819333447330e+00 -1.406968985428781682e+00
-1.997051983812890841e+00 -1.069842484711224895e+00
6.657473902250883313e-01 -6.513011153950000187e-01
2.413173089647737246e+00 1.297722135362645302e-01
-1.690146063324607928e+00 5.303790902295477672e+00
-3.417772782363446837e-01 1.810414874722495515e+00
4.412512536614841885e+00 -1.049228381429218482e+00
-9.063485708004381802e-01 -1.637898949026623807e+00
-6.447836166582868067e+00 1.873177659267453443e-01
7.804582904500793283e+00 1.460456585176369337e+00
-2.169255869415880889e-01 2.522849922507110557e-02
8.075805614435872110e-03 -9.254728285208270178e-01
-4.130943474528485204e+00 -2.061206268480299530e-01
1.554713270666390423e+00 2.197819996146420873e+00
-4.165115051352935360e+00 4.543739978509206523e+00
9.611023485509877062e+00 6.869482704325454714e-01
-2.565736610485892744e+00 2.786453274508957190e+00
-4.959902341154408312e+00 -2.335294139061618035e-02
-3.033029342351270863e+00 -1.681163232340426306e-01
3.192465027830739821e+00 2.180995802738445732e+00
1.956824195511804587e-01 -3.326190390745235259e+00
-3.250890791597139007e+00 -5.945122826778145297e-01
1.307779745043619601e-01 1.248316703326308952e+00
-1.550975397626608299e+00 -2.335207307695768425e-02
-4.458632132070040832e+00 -2.253614515707637600e-01
2.336822825779205637e+00 -2.427093581625021645e-01
6.651428941923166471e-01 2.876464793242441864e+00
1.011780839371575036e+00 3.165522122807017613e+00
1.394713355721897807e+00 -2.448601523657414347e+00
3.283505195774759855e+00 6.758077461048007883e+00
9.227022948308217565e+00 7.175115126048261516e+00
2.712714212660256585e-01 -2.748539375681319896e+00
2.316645709171723855e+00 2.987119165274641830e+00
-1.712461471119300249e+00 8.211510901696891795e-02
-5.459764031131300932e+00 -2.156334433403657436e-01
3.649535332353722739e-01 1.332804918765227553e+00
