-2.388209826643794553e+00 2.626887807597707347e+00
-4.037883822070136297e+00 1.251369588791285459e+00
1.664180321753761849e+00 -6.273238834411809073e+00
5.481792548743478211e-01 -6.577850167097680334e+00
-9.379383039170048342e-01 2.852907562405734510e+00
2.636388338074694637e+00 -3.067823525629376213e+00
-2.773258033747529439e+00 -6.345518787479442757e-02
-4.131577135413593282e+00 8.983943036231426760e+00
-7.905664024891558839e+00 -2.203284734194924877e+00
7.826713390772219725e+00 -4.142332127791725327e+00
-8.253968069900547988e+00 3.124017392954436811e-01
2.296434413421968745e+00 6.941690566147325825e+00
6.481232421359813145e+00 -6.696828242623097616e+00
1.808904906344877261e+01 2.950980124943287652e+00
-9.554802375963815653e-01 4.150099052294796920e+00
-7.961258597168752615e+00 -1.324692343231285374e+00
-6.850977143056214302e+00 7.310813324087804155e+00
-3.678925006371063677e+00 -7.099876749288875466e+00
-8.873230801981900839e+00 4.051272582791369814e-01
-5.948386279291726808e+00 7.901486398258375843e+00
-6.453143446566520502e+00 -2.925152859696203311e+00
4.808510322690813688e+00 2.618585104245727102e+00
1.659714676776231101e+01 4.385075669310503077e-01
-4.645985681289536151e-01 1.240198627758820749e+01
1.631289399772399840e-01 3.507820848537849034e+00
-1.467587795370609793e+00 4.470702508043514101e+00
-9.401463094286139466e+00 -1.046834211155091587e+01
-7.236373364247259410e+00 -2.100833750242032671e+00
-5.783057449613072443e+00 -5.709310631815229797e+00
-3.097854689655286542e+00 2.668875029546518896e+00
1.188922489853951703e+01 -2.987320102897075280e+00
1.755268921620286582e+00 -3.549294260228431419e+00
-1.743042293534190268e+00 -3.814641964040395017e+00
-1.658932550996848665e+00 4.871685784715443113e+00
5.181658801434377182e+00 1.298686334111666163e+01
-7.147669842445259825e+00 -6.637938543205747166e+00
-2.960685168393601963e+00 3.166445533095383791e+00
-3.588743416459547753e+00 5.791161042364128875e+00
8.433090434040166894e-01 -3.488525724945399809e+00
-7.666097615646183527e-01 -1.702083895546498749e+00
-4.721694183214193430e+00 -7.841062415940330155e+00
4.268662437669767051e+00 7.299392648791256377e+00
-4.341477350124236523e-01 -4.255014314423486432e+00
-2.496082801712475874e+00 1.094947397709135650e+01
1.693622130885815835e+01 -3.994959680562636173e+00
-7.972916956224220808e-01 1.337845130170721220e+01
-8.937458371735717222e+00 6.301533985290385331e+00
-1.198764355439603868e+01 -7.945935696173943796e+00
7.941834117876225285e+00 4.032005270941547259e+00
-2.406736885589578101e+00 -3.650601298004612083e+00
1.002880471102369953e+01 -2.600158843898739303e+00
-1.770376521796834801e+00 4.666587095344580938e+00
3.748955254337034582e+00 1.888274745132728683e+01
-5.700841076593321510e+00 5.638182561587099961e+00
4.707949017185718787e+00 -2.356686430836567592e+00
2.321362404039855054e+00 8.433648950228139540e+00
1.934993945356454415e+00 -3.483279490663481859e+00
-3.139458165347315255e+00 1.381348589635719826e+00
2.517308013826674573e-01 -2.899300133444836280e+00
1.870253117912410445e+00 -7.536095127397292259e+00
2.756234210954453534e+00 -1.319277721604797726e+00
-1.274057222102411568e+00 4.307748007142569335e+00
1.207720139687847904e+01 3.822602619666373158e+00
8.877474854293522455e+00 7.131787889251326007e+00
-3.721669715040457049e+01 -1.405188734259736627e+01
-8.078272243974906175e+00 2.527083847018559037e+00
3.326070730130010311e+00 4.132463924044089687e+00
-3.861024115231279641e-01 8.034273237610110030e+00
-3.695925515075750845e+00 5.930683044725042485e+00
-6.951077835134906735e+00 2.847077923938610589e+00
7.758716698989066574e-01 7.062300971196560084e+00
1.981855881652068518e+01 1.208112576210176314e+00
-8.370504917907389597e+00 3.041152022579087344e+00
-1.124539710127217162e+01 -4.625401960422222736e+00
7.899539025142492399e+00 -2.823939384479142056e+00
-1.320290404845400190e+01 -8.741576653834112420e+00
-5.444375393240664662e-01 -4.716193430202053172e+00
1.093092335711037855e+01 -5.195397765805924273e+00
-9.975168743054361187e+00 -3.788248333171023940e+00
8.267691464909981969e-01 -2.802100703222643929e+00
1.299136795894620455e+01 -9.270524601511919149e-01
3.135310954395996941e+00 1.019411003516158942e+01
4.677175447182138512e+00 5.366739684021198720e+00
3.274789168041502219e+00 -9.660739790475371791e+00
9.028953262961163517e-01 1.032851792003701341e+01
-1.079264212976540804e+01 5.733784451743452415e+00
7.000324479669808753e+00 5.700999999646541028e-01
-1.941237628127900239e+00 1.025387477508606260e+01
-4.875283852462334977e+00 1.294401235599005240e+01
9.146792760521282872e+00 -3.324688215009083070e+00
-1.723446092850439726e+01 -1.076649088338504967e+01
-5.433724578822394236e+00 -7.680580375568760942e+00
1.861655418116588123e+01 5.532114947490802237e+00
-6.624908686065186458e+00 -7.972408031710915388e+00
-6.173971892094682445e+00 -6.363064182250794509e+00
-2.983252586499731684e-01 1.400369257052119387e+01
-3.889764857711594637e+00 6.078594217833600766e+00
4.860174678422380268e+00 -2.561288318715578605e+00
-8.713607623947492442e+00 -6.443796797512547414e+00
-3.008980098981846041e+00 7.275960189008835677e+00
8.962773883855891910e+00 1.447332804260662797e+00
-7.349487154069955785e-01 -9.014893148196581052e+00
1.134343710826244589e+01 4.033922864603322722e+00
-2.168474362767844443e+00 5.089588138081004409e+00
1.940129604343490577e+00 -1.209447214496419498e+01
-2.063935804884598824e+00 1.390542669417597033e+01
-3.982618414384907268e+00 4.692770601809997721e+00
2.659433872170225754e+00 1.388296909970429027e+01
-1.627508290514562361e+00 -3.918238062502724439e+00
6.346238237483581734e+00 -8.453303494952038477e+00
-3.611579500364380912e+00 -2.889464282388990668e+00
-6.782676724187748363e+00 -2.963162597403249165e+00
3.168017131981443857e+00 -4.888748094470773076e+00
-5.000844677973231178e+00 5.422592890750781436e+00
2.020128023197029421e+01 7.804783603840657058e+00
-5.412827000011917633e+00 -6.121622994049078059e+00
-7.921044572188367106e-01 2.704066917985485929e+00
1.127698009246474165e+01 3.402444784985292348e+00
1.318825329208573649e+01 9.032597223159520183e+00
-6.011039516078179545e+00 -6.100994255473800365e+00
6.509604336999896823e+00 -2.501516775177273999e+00
-3.870598110397283964e+00 -3.627051477427842396e+00
4.664323855552590103e+00 -6.245264283669146543e+00
-4.148952184548067024e+00 4.684022673446989415e+00
-4.531410564775603333e+00 -1.990354376564171579e+00
-4.812656461941870134e+00 1.630785267620979306e+00
9.156536180367287336e-01 1.857555289664148290e+01
-3.756544578784879018e+00 -6.253151766434878134e+00
8.307358450304915820e+00 -7.768134021812914014e+00
-5.872719009258615230e+00 -7.815460381458761985e-01
7.333716208217452959e+00 -4.490105914712995805e+00
-1.007446053927744245e+01 -8.345103667659873992e+00
2.961532157613894434e+00 -1.545655197694761673e+00
2.730877255246668867e+01 -1.205751608777816486e+01
3.343903089526580885e+00 -7.810581413636949577e+00
-1.018219419037798801e+01 -2.817656810646815835e+00
6.465101615046165762e+00 -4.321843514820707277e+00
-1.202265533127590658e+01 5.306091734259783088e+00
5.883028709664909428e+00 -4.387536409853823649e+00
-5.089120265882403515e+00 -3.798481083357134303e+00
1.818632722511502875e+00 9.244667499236456365e+00
5.405855940684601180e+00 4.465375638219838406e-01
1.380197986683097078e+01 -5.929955958148713790e+00
-3.862322956779860927e+00 6.822925975102492657e+00
-3.537092121405118750e+00 1.600714739877624737e+01
-4.908384171750168612e+00 -1.026343522510546835e+00
3.005478431629223124e+00 -1.212202956929286257e+00
5.292676761577339573e-01 1.841672175771454079e+01
4.690378873886815292e+00 2.038049711670201880e+00
7.232270026673695007e-01 -6.182063841915606872e+00
-6.210887220532512742e-02 -2.331361480728584734e+00
-6.582472557603487040e+00 1.195809239836367510e+01
-9.678223497326246871e+00 6.039963733222117881e-01
2.415670643090233938e+00 -2.791528423703801387e+00
3.089674929164881956e+00 -5.738566181149787226e+00
5.127500633214768122e+00 -1.171344366214496446e+00
1.322997654403138545e+00 -4.078844065161645105e+00
-8.172758428015329812e-01 -6.023163835857458182e+00
-8.681684576642183515e+00 3.579884810021042973e+00
-1.783506769450940999e+00 7.256183355385109834e+00
-1.072351655695958783e+01 5.541445309633493466e+00
3.003739411758685307e+00 7.374984836020563428e+00
1.291652377899334603e+01 -9.125528610511338456e+00
-7.294080883106082602e+00 -7.181618793585217375e+00
9.855409626891935559e+00 1.776280092001164235e+01
2.864479320673372964e+00 6.047281207422069649e+00
4.912189566924134887e+00 -3.199426441696288315e+00
1.892789639031454918e+00 1.451212706867926627e+01
-5.411740086326595200e-01 6.427879150341741621e+00
2.530722465268311794e+00 5.024923367846914957e+00
-5.368105942583331291e+00 6.462213381561770831e+00
-5.423973678025923562e+00 -3.533265461187111711e-01
-6.508787736451252748e+00 7.843254061223259299e+00
1.791724528933045679e+00 -1.117239158983614544e+01
-8.051972746548560877e+00 5.952302867310391932e+00
-3.959651768090357571e+00 -5.371197952068247794e+00
-1.453611143066568800e+00 1.383073048418177020e+00
-3.301790094590479896e+00 -1.238427018187899797e+00
8.209167335825451772e+00 2.748057588843936916e+00
-4.374117478058161979e+00 -4.846804666666651329e+00
-3.236546917836349735e+00 4.100070222382810603e-01
1.063728258440619712e+01 -4.360922400945289823e+00
-2.729323593115513535e-01 6.254080837142546478e+00
-2.893325133627312695e+00 -7.401601389349578675e+00
-3.075684766513347768e+00 -4.197010130195468758e-01
-4.891793009637907197e+00 5.193356283611253232e+00
-9.973104175211478406e+00 -7.323900609977253673e+00
7.702321828507452395e+00 7.097875300042790769e+00
-8.021323637555441977e+00 1.686545842369037729e+01
-8.537876707600045023e+00 4.053420192207974893e+00
-2.068315465975668066e-01 -4.765630128677599053e+00
-5.817192188813661957e+00 1.160622803290639737e+01
8.818210393665157909e+00 -7.350346518098241688e+00
-1.637219850479082472e+00 3.345245508481300867e+00
-4.938739928183956351e+00 5.931408505707604917e-01
1.344175334893669671e+01 -1.220406703019666672e+01
8.359944105221751798e+00 -7.264648422631873714e+00
6.992478109280363618e+00 1.324577641355701552e+00
-1.332038987510293993e+01 2.421326904691180726e+00
-1.003451747641928193e+01 -5.066782677562644999e+00
6.720556187300372741e+00 -9.160368751446530400e-01
1.284811961740281561e+01 -4.903218351637042005e+00
8.017571708887665238e+00 3.046336384578243739e-01
1.953685101656234480e+01 2.782617474490960863e+00
-2.848505113246241560e+00 -3.358105567981735540e+00
6.567881191631569138e+00 -1.542285040278456876e+01
9.556321054970107198e-02 5.455117583929277814e+00
-1.178804114091080102e+01 -2.336330858939158261e+00
-5.344325924528309235e-01 8.855104963438485299e+00
4.903205894226146278e+00 -1.173274614816880446e+00
3.779289226712116978e+00 -1.213866474159039832e+01
1.001204088883214460e+01 -6.388458121395761857e+00
-6.865530654212202322e+00 8.187728921440402985e+00
-3.917558318495312442e+00 -4.136784474797482680e+00
-1.431651007095925010e+01 -1.279482888525084938e+01
-1.118208989964020184e+01 9.305027453161716977e+00
-2.153618021663181281e+00 -8.497698409488757321e+00
3.174979559611920799e+00 -3.772100808777091530e+00
-1.452378625968837378e+00 2.175108610622393357e+01
-1.621463082903627395e+00 2.920784475966926141e+00
-1.123796195116297625e+01 -6.365010133061165476e+00
1.632078659199352133e+00 -7.907841710777807620e+00
-6.813017292769838917e+00 2.242220632743684217e+00
-4.346745623667101377e+00 -3.345657355367137153e+00
4.074172556731477712e+00 -1.055388508782942303e+01
-7.496287747294584358e-01 3.648333646065370361e-01
-1.288520273545921846e+01 -6.769424180022378223e+00
-1.031202811086464877e+01 -9.191234816114437933e+00
7.200318332717801972e+00 -1.250954468497065797e+01
-3.122251245415014864e+00 -4.018963831396891173e+00
-1.544842598906331688e+00 8.209715878876947315e+00
8.854652991968325892e+00 1.674728040182945321e+01
-3.391319208334901081e+00 6.688262922109283970e+00
-3.686579001926339139e+00 -5.376671244299680019e+00
2.403106438014218860e+00 -3.467485641435068988e+00
-4.556367562358438761e+00 -7.164603101927582429e+00
-1.271722436990505933e+01 -7.269643304041581988e-01
-6.279382621005559884e+00 5.037209842202038601e+00
-6.116332627634036179e+00 5.332962558093715444e+00
8.319371615968332634e+00 1.243918093377041956e+01
-8.718182784144801190e-02 7.708784129218546610e+00
1.484354611300281057e+01 -6.323103061571597294e+00
8.550191567676133531e+00 -7.054888997378427007e+00
1.841123109827763571e+01 2.249834663368492471e+00
-3.227523800905420348e+00 -2.385256663712522318e+00
-6.120685214303024146e+00 3.791298167748982983e+00
-1.129928876952847361e+01 -3.381280985980568143e+00
7.158107164686720481e+00 -3.015126604712688785e+00
-1.280653677039757810e+01 2.373508215883705752e+00
5.646458309084795069e+00 -9.609230718817368455e+00
-4.610066197278590572e+00 -2.893615828755419006e+00
4.562843921086289889e+00 7.762147353256086291e+00
-1.257903673581550974e+00 1.373475276030677206e+00
4.260169825862060722e-01 -1.119996811709725826e+01
-9.438605599510072608e+00 -4.854703643220878106e+00
-1.119044752601575965e+01 -4.298462352841343481e+00
-6.192699148284068755e+00 -8.017215135332889986e+00
2.466381952437834357e+01 -5.198804939271203018e+00
1.445034016532550858e+01 -6.441544946265612026e+00
3.816293736875122189e+00 9.008939557710993196e-02
-8.036713955256703512e-01 -5.041515096423929698e+00
-7.593213614533127043e+00 -5.068711474378189585e+00
1.140843621930453011e+01 -4.463131053356477196e+00
-9.287709068708959848e+00 -8.672431504917986755e-01
-4.053639508130083335e+00 4.307569434644341833e+00
-7.695859367893196357e+00 -9.989124547765833029e+00
-6.977946545377939458e+00 -1.023897035982103576e+00
-7.446203856056328174e-01 6.028786985300429890e+00
1.457355922609982457e+01 -6.342152395006523058e+00
1.036818862578773803e+01 7.215375043105755282e+00
-9.858755787003445903e+00 -6.752871785113599756e+00
2.664593175720924023e+01 -8.575448166478011558e+00
-8.407737323839727495e+00 -3.287260682986229643e+00
5.203464569165312525e+00 -1.922058033383066356e+00
2.189424863693991696e+00 -2.261195027096188248e+00
4.666125010175498744e+00 -1.304813781307500919e+00
-3.817707928739507928e+00 -2.574874843856947315e+00
4.624187273490858452e+00 1.068852159939377700e+01
-1.091986690768805701e+01 7.521562798089663771e-01
4.845937876204064132e+00 -8.665233089179192660e+00
2.637237691098761161e+00 -1.923591284722186767e+00
1.197319355298509524e+00 -4.864632765855782637e+00
3.572153532044264068e+01 -6.483952477359439470e+00
4.939074586925523036e+00 5.137218040905642269e+00
1.420335934104305409e+01 -5.542536867009017598e+00
3.962289961046503883e+00 4.425612997365841572e+00
-1.245035172879107588e+00 -5.160818515268818629e+00
-9.156780866092130822e+00 1.213483117359636099e-01
-6.399218536386833023e+00 2.098953078100192826e+00
9.409946182442608276e+00 -6.135192378160813753e+00
-9.118361134853591565e+00 -2.230722757359274055e+00
-4.877578884247016688e+00 -4.751531997764980808e+00
1.055932247226946785e+01 3.077904938927868983e+00
-5.898637301042197745e-01 -3.306374316426595517e+00
-8.542612453235232550e+00 5.564615965368396644e+00
6.740416430068906450e+00 1.492191627994251313e+00
-1.340022310939539985e+01 -3.117500437725915230e+00
-1.154138249175896913e+00 1.121483117169437271e+01
-6.366954601211570974e+00 -1.109890944497920451e+01
-1.831818478395497607e+00 1.708046160223761767e+00
-1.074713901834888929e+01 -5.000342418121848098e+00
-2.830292968313930402e+00 4.510074602503802765e+00
-4.864363411320740127e+00 -9.391077391773537952e-01
4.569597870771364700e-01 -6.554659158085760495e+00
2.655635636566917590e+00 9.847342250005219455e+00
9.115549724190909586e+00 1.766048926479440340e+01
-7.261556209114729654e+00 5.834516663514381030e+00
2.548495309158044009e+00 1.281738801937212457e+01
-5.984006582008754016e-01 1.089691621983120751e+00
1.124751273921689432e+01 -1.725738271218319575e+00
-1.210820479255010618e+01 -5.991764126884923769e+00
-4.488908740711197165e-01 -1.156103206868537292e+01
-2.423588686989415208e+00 -6.904419360705401632e-01
-3.529693706378882467e+00 6.399871246511811052e+00
-4.688951399860210145e+00 7.615128600461593678e+00
3.395926266756108536e-01 -2.735072483454934478e+00
-6.653687282764389366e+00 -5.650641676060248919e+00
-2.891725141811367639e+00 -7.302191328865864861e+00
1.030274638159756950e+00 3.305115044648823996e+00
-1.251972112512418178e+01 1.923447848700860163e+00
-9.676293382025997758e+00 4.172266779043900975e+00
-4.446573323387579713e+00 2.455277208735408223e+00
-7.110405865653551594e+00 -7.613116338639529523e-01
3.536985140814550288e-01 -3.798936589347566617e+00
-7.409231241982690896e+00 -4.433990154268474093e+00
-5.333738681391229086e-01 1.199084841576572913e+00
-8.765470866647284698e-01 -4.504169738303270831e-02
-4.705163716063918145e+00 -5.005006318988830749e+00
-1.172201130473099084e+01 -3.971296020059091436e+00
-7.384731952567053170e+00 -8.030765104154515832e-01
-6.400699700198697606e-01 -4.009680639390793111e+00
1.148637624570086757e+01 -9.173308236129475157e-03
-1.513705703174390127e+00 3.719769223930083690e+00
3.747367746637661590e+00 -6.711224061609805780e+00
-3.416111358065330172e+00 5.662924337395395469e+00
-8.768153374070115635e-01 8.298108292176808121e+00
1.336347142165985158e+00 1.053377748610130560e+01
-6.425510663514415022e+00 -1.216006766808685136e+00
1.053919690120380714e+01 5.927701148107422213e+00
-5.637460789920258897e-01 6.126445357451859586e+00
-6.933967143781980980e+00 -2.241760855809064701e+00
-5.672095764075136159e+00 -3.178424457092028366e+00
-6.402843669860707188e+00 7.485250597817760365e+00
-2.585380192686169920e+00 1.363962874251733304e+01
-4.549571710670745617e-01 -5.456769401368453121e-01
-2.042638211068204868e+00 -6.171647645634415369e+00
-1.232445612859976336e+01 -5.744132801975373681e+00
1.461284678954273275e+01 -3.237856563724543779e+00
-2.379722632520727132e-01 -9.783123640112609820e+00
3.309402973824673300e+00 -5.346468054487903743e+00
-6.406085699356982577e-01 7.524544024387834762e-01
2.355295907651626219e+00 1.074260473181778686e+01
1.859739902181335225e+00 2.289328824812339569e+00
-6.934952381192090343e+00 3.624715488136873720e+00
1.263297263824780536e+01 3.379003911481233580e+00
1.144251511540890887e+00 3.739575237530508911e+00
-8.285344123371723768e+00 -9.422030562048089308e+00
6.867751747695807651e+00 -6.717835378317350781e+00
-8.585413552434287832e-01 1.560895004763116267e+00
3.020166820254308160e+00 6.979049740612380148e+00
2.913868946076900279e+00 -4.634564400885368585e+00
8.616443228826209388e-01 8.204804919940955621e-01
4.989390721869424894e+00 -7.767182159461899715e+00
2.587287849664174910e+00 3.801338268298860790e+00
1.177016537116872641e+01 4.649332125263626381e+00
-7.074073723982166939e+00 6.596198717561709834e-01
7.998728196888984954e+00 1.200396790287511894e+00
-7.695836967698044262e-03 2.514926712109656570e+00
-9.117165839832091834e+00 4.169038999126231992e+00
-3.634976451793428431e+00 6.686679258941947701e+00
9.348981718206346159e+00 3.171468605748737790e+00
1.452433024271911322e+01 6.456609523283476371e+00
1.073069684345057340e+01 -8.410008644650517340e+00
-2.588896077639454285e-01 1.058898278536566906e+01
-9.908305698787525984e+00 -8.435437686382369904e-01
1.266746208304625654e+01 2.197640456380278273e+00
-4.389066239878316011e+00 -5.505731531446514282e+00
1.382477080966989069e+00 -7.960565050514238905e-01
-5.024972008882494734e+00 7.422136526210177943e-01
4.955789433679520073e+00 -4.748091981370771819e+00
1.506110173984244049e+01 -3.232736976087069891e+00
2.166685974470794918e+00 -3.258994028499135442e+00
-4.213192529066747127e+00 -5.808640729728264951e+00
-1.006518750681048857e+01 -6.641494449311740489e+00
4.697559162397076271e+00 3.985083907539093140e+00
1.718280319377854526e-01 3.723486045039198444e+00
-5.969516831949817082e+00 -1.461005070473748724e+00
1.119377697584710951e+01 7.133247026156132264e+00
2.245807159378473639e+00 -3.741851686074363581e+00
-3.474899923963232773e+00 9.673917202569242590e+00
6.633142976727310902e+00 -7.775128118804026656e+00
6.415756307943279779e+00 5.404670279732803451e+00
1.469634344161199202e+00 1.939410761959999396e+00
6.566756087833628186e+00 -6.540693451771366185e+00
1.784112763515550926e+00 -3.520061103157626547e+00
-9.082017541217402012e-02 6.459565351894325236e-01
-8.187957028097741841e+00 6.179657470093736116e+00
2.196201601930791281e+00 1.093817525659665169e+00
-9.936389622858772253e-01 -7.529650392768564515e+00
9.528421529201210882e-01 2.446198731650818914e+00
-4.201718899482711933e+00 -4.879238906744526538e+00
6.984026331102995755e+00 -3.663687436955561871e+00
-4.872634639185267957e+00 -1.615854761790718630e+00
9.266867673628135904e+00 -3.603564683569202121e+00
8.330213400851537386e+00 1.176679356242178898e+01
3.218454083258317944e+00 1.977294208693925803e+00
-9.485029449803848323e+00 -1.073406440416407204e+00
3.991805888279884584e+00 -4.755983074065261995e+00
-6.351873982894119308e+00 -5.101992666443381452e+00
-1.090300762210051921e+01 -1.040191785919451917e+01
4.998031600129721141e+00 -3.537540363238609320e+00
-5.703409719194707961e+00 5.015112152031266035e+00
3.316527788229052920e+00 -1.610869774379184438e+00
7.797883794522130430e+00 -5.439360051144089603e+00
-4.066289661573920355e+00 7.440423084463692938e+00
4.438407925008640564e-01 -6.624155891535943752e+00
-5.176040826519157534e+00 -3.720890838462820760e+00
3.535488654703782707e+00 -5.465747839931768937e+00
-1.078205315276122889e+01 -1.064704939663920769e+01
1.093162713149036014e+00 -6.126534928922962031e+00
1.673745792536435673e+01 7.994513074152211018e+00
-2.695879980903574946e+00 8.968999027816185077e+00
-5.528734986362051629e+00 -9.360552176991656648e-01
7.100345481497502220e+00 -4.558960331364155572e+00
6.824241248517552982e-01 -6.712082571221817950e+00
-2.730110930838715255e+00 -4.287711156840890325e+00
1.165268150579186868e+00 1.287748539929639113e+00
6.065026316647408322e+00 -6.644411814681872919e+00
-4.785062603645510393e+00 2.776196983946440655e-01
-4.880481104085172994e+00 3.942263403878210504e+00
-1.021645188008618810e+01 4.505765480878556772e+00
1.234999262784130414e+00 5.819821338386521603e-01
-2.415701971322863351e+00 1.271176074399469336e-01
6.746642284913172416e-01 7.608946813043997892e+00
-8.885538971449779666e+00 6.465107895560684881e+00
-1.101732800900150355e-01 6.813064553154571712e+00
-2.575497257308996257e+00 2.591069159792045884e+00
3.842931171021589165e+01 -2.142278941291541727e+01
8.312323263168661658e-01 2.078269161967675416e+00
1.213409911925031892e+01 -8.142703735309202884e+00
-6.526753466313355290e+00 -7.106785696991893886e+00
-6.611224267469411942e+00 2.154240924891574593e+00
9.185458959018387048e+00 1.302547335675010487e+01
-7.375730495183455915e+00 -1.719829630195407910e+00
-4.116289765185734417e+00 -4.873972156747422346e+00
2.391908568528416623e+01 -6.965696706458738063e+00
-1.078724940834217882e+01 -9.483271062507402149e+00
-5.266173017509613530e+00 -4.744912582403159718e+00
1.271969504167557652e+01 2.317419357669899149e+00
5.081310114125658473e+00 -2.644534301594037018e-01
-9.943366919980743290e+00 -4.578705334854475950e+00
1.325247884354823391e+01 1.009688098929527023e+01
9.911646159537436773e+00 -3.454070800556394705e-01
-7.887641942541239182e+00 -5.729890638859124863e+00
4.199463459723211223e+00 -3.512223373238477553e+00
-8.100103488162497811e+00 6.251820680304842170e+00
-1.004869305342657393e+00 5.160484723467625656e+00
5.356040365575694295e+00 1.120818992107668954e+01
3.346090227804022099e+00 -3.670700984567938807e+00
-4.291364140047721598e+00 -4.362519290679797379e+00
3.097282081453099245e+00 3.295588894288313253e-01
7.489629036059072043e+00 -5.688788262875952739e+00
-1.918157785630995704e+00 -2.679360203066848634e+00
6.295857290683448682e-01 -2.216611867764827881e+00
-6.904212543843260441e+00 6.895891183848592121e+00
-3.040561402913680489e+00 -5.341786059348025972e+00
9.166394810551567573e+00 -1.278242817153709510e+01
4.515553413465879018e+00 5.934681388188984386e+00
3.029009762714612641e+00 -7.897195643320672254e+00
-2.271079746582984615e-01 -3.514144023480313184e+00
7.410404399180943180e-01 -3.757442660844723559e+00
-9.175365823734761506e+00 -3.220535800199566534e+00
5.617984224721276121e+00 9.702178156627606853e+00
4.274086149066349982e+00 1.629699078069698492e+00
-2.686458841789446161e+00 5.617071505915479435e+00
-1.659596438457098255e+00 6.713062351724353505e+00
-1.237836822626184219e+00 1.288838431442070487e+01
-8.458497631400451411e+00 6.143881684536301790e+00
4.821789385775229420e+00 -2.955070584638622044e+00
-7.609946471085754283e+00 -5.779251917590068288e+00
-7.900109344050719073e+00 -4.406635147230914207e+00
-6.418720102262684080e+00 5.684010848037587493e+00
-3.514839647900243502e+00 -2.351068890241760467e+00
-7.950633541528626225e+00 4.470211197103653333e+00
-5.699751802329903860e+00 6.510268027436488580e+00
9.920378518558882419e+00 1.672780138414047002e+01
-1.077184113731670667e+00 9.549125336503395900e+00
2.301004719106590102e+00 7.528920921498143848e+00
-3.511379850149220161e+00 -1.106260269245315442e+01
-1.842775176887089694e+00 -7.082424316097218231e+00
7.411338014574378796e+00 6.160838642999329373e+00
-2.270963692142220935e+00 -5.130691092410902598e+00
-3.882857837615699914e+00 1.471292319011244576e+00
-1.205569826855730220e-01 3.588125723632231701e+00
-7.187492038292906393e-01 -2.458936615410516335e+00
-5.997822636933108242e+00 -3.282706111234770407e+00
-3.136473614710396429e+00 -4.676032400882624174e+00
5.617865585918537796e-01 2.342251562715632396e+00
-3.531334967445500794e+00 -4.127385803057222802e+00
6.964795532098537301e+00 2.921777935522182901e+00
3.727544367134778547e+00 -7.183438764231393492e+00
-4.066452114203473300e+00 -1.993660397429621201e+00
