-3.539636440906668291e-01 -7.874207084858556027e-02
-3.885826852089608319e-01 -4.072687788657728958e-01
-8.290767875213941318e-01 4.160418396674805952e-01
-7.564725285063209625e-01 -4.474541121197467497e+00
-4.400253958693575718e-01 -8.785191341148664845e-01
-4.562883280565094291e-01 8.483573613291178761e-02
-3.539636440906668291e-01 -7.874207084858556027e-02
-6.008220212706475438e-01 -5.028683385841477893e+00
-8.508026738575525938e-01 6.952997638413976889e-01
-1.703704264196266749e+00 1.327384454142563452e+00
-2.757373132011665895e+00 2.631096836685636209e+00
-4.546932781168824822e-01 -1.111237142511581011e+00
-1.052149310174848251e+00 1.015160401019987946e+00
-5.519940134513476870e-01 -2.632450139036543568e+00
-1.037093508157295174e+00 8.534639682308731157e-01
-9.076117445621582069e-01 -1.857451208199941917e+00
-3.556149832274775324e-01 -7.599012317928294236e-02
-4.598967412221904860e-01 -1.132567798272639203e+00
7.069206450770579409e+00 1.625485970652162937e+00
3.790784715807311134e+00 4.201260338423306595e-01
-5.562873862178858708e-01 -2.026518217746200889e+00
5.084958509607766963e+00 1.453512805977403621e+00
-5.965269871321866590e-01 -3.037701905128323165e+00
-9.166010927104275563e-01 7.913842770801736703e-01
4.976254031641476061e+00 1.369999145847487387e+00
-3.539636440906668291e-01 -7.874207084858556027e-02
-1.502075896480665307e+00 1.220064257017828835e+00
-3.539636440906668291e-01 -7.874207084858556027e-02
-4.077140072081065769e-01 -6.031698782219054866e-01
-5.571831587641348227e-01 2.421699614320602101e-01
-5.207353123541645923e-01 -1.711945083962699066e+00
3.130240731118198561e+00 1.427867432092247424e-01
-3.854509034298722603e-01 -3.877155074886825536e-01
-3.032338307925915299e-01 -1.395231533688476411e+00
-3.539636440906668291e-01 -7.874207084858556027e-02
-5.079885098373768670e-01 -3.742804605710195798e+00
-1.040980208629865622e+00 9.942267996973529476e-01
-4.107927824881312251e-01 -6.158663575352895103e-01
-1.986159823705879957e+00 1.648075575368393109e+00
-2.603649625870784412e+00 2.635284662319658189e+00
-8.734200240462788312e-01 7.318109534964691854e-01
-5.927815897678071488e-01 -2.414810685062418028e+00
-1.732336833316188374e+00 2.083327730230779551e+00
-3.539636440906668291e-01 -7.874207084858556027e-02
5.495594344406386611e+00 -7.435254059968645635e-01
-8.028248080921410734e-01 6.205323006872138780e-01
5.005020654386889076e-03 -1.955703933075762180e+00
-1.940116750249730515e+00 1.016629966439738020e+00
-6.162937819549848539e-01 -3.540311889484801799e+00
-5.029884544013910608e-01 -1.552151185393587651e+00
3.680178013915660351e-01 -2.541275096355787522e+00
-7.890246010462581561e-01 -1.832004169708296937e+00
-5.871447540044493207e-01 -2.369228024305348956e+00
-3.539636440906668291e-01 -7.874207084858556027e-02
4.079102866214982193e+00 1.962539167897312753e+00
-5.373527441820694639e-01 1.997101617969172793e-01
-3.539636440906668291e-01 -7.874207084858556027e-02
-9.846929981366480122e-01 6.635599572860829687e-01
-4.148199161924009393e-01 -6.805179439586551693e-01
-9.013906786336405297e-01 7.766822739288651301e-01
-2.166948265878307467e+00 1.825530049078852191e+00
-3.539636440906668291e-01 -7.874207084858556027e-02
7.946489239432406038e+00 1.616990960746867323e+00
-3.907264997714297028e-01 -1.695079932704289180e-02
4.215463097709073459e-01 -5.299653484264646996e-01
6.701764675344309197e+00 1.295283067290659895e+00
-5.460031121812096710e-01 2.268408395673893463e-01
-1.148652834921364496e+00 8.697944979978975422e-01
-1.182535626560580422e+00 7.907943329917217490e-01
1.055389206521830481e+01 2.557226300688881793e+00
4.926766401902743731e+00 1.701908687782250906e+00
-1.156154878334661573e+00 7.538346187189098879e-01
-4.906062554529077580e-01 1.373392901558520285e-01
-3.539636440906668291e-01 -7.874207084858556027e-02
-5.012981672230499841e-01 -1.535772640726988936e+00
-3.539636440906668291e-01 -7.874207084858556027e-02
-1.025136204304325283e+00 9.729120942756478430e-01
1.152953506202621936e+00 5.589394463179125916e-01
6.429913405760778744e+00 1.782014229813511319e+00
-6.597699475936638080e-01 -3.224567798183937128e+00
-8.864826951988440396e-01 -1.148565281646181546e+00
-3.280395509130010545e+00 2.973250913401147777e+00
-7.638975922979150956e-01 1.502617687326071705e+00
-3.539636440906668291e-01 -7.874207084858556027e-02
-3.539636440906668291e-01 -7.874207084858556027e-02
-2.279080746112486899e+00 2.111891971588425676e+00
3.995666190678818896e+00 4.742134193810486620e-01
-5.079852610071967645e-01 -1.576355343515589036e+00
-3.539636440906668291e-01 -7.874207084858556027e-02
-2.727133154223393863e+00 2.391730239934553914e+00
1.252182041768908238e+00 -1.840101738921414931e+00
-1.614413538780431479e+00 1.892493637989117294e+00
-3.599550122153489795e-01 -6.865175631842899973e-02
-1.098513290049981800e-01 -3.089132769089285802e+00
-3.539636440906668291e-01 -7.874207084858556027e-02
-2.723046622399885042e-01 -2.244400649753393928e+00
-4.966047464046924875e-01 -1.498341272791803291e+00
-1.227938476963568393e+00 1.290675933035003720e+00
-7.889363426111114519e-01 6.025003933665403766e-01
-6.269225267950351288e-01 3.485371762226191494e-01
-3.539636440906668291e-01 -7.874207084858556027e-02
-7.051707597158083374e-01 4.730536765852959569e-01
-2.126234474322222567e+00 1.838775083809227606e+00
-3.586275257910933045e-01 -7.742626288832543668e-02
-1.148985464696739234e+00 1.158245054558979525e+00
-6.212370509982428679e+00 7.945536315784695880e+00
-5.629858527919661126e-01 2.561056610088841556e-01
-8.657930366603714400e-01 7.240769657876624521e-01
-3.539636440906668291e-01 -7.874207084858556027e-02
-9.755191199110937461e-01 8.946311679225665836e-01
5.110157288833610423e+00 1.143638236924541030e+00
5.546871517545725716e+00 8.784754076537685252e-01
-3.546721428648281216e-01 -1.051959319263202769e-01
-7.644678797736291775e-01 -9.872748021123908257e-01
8.587551429626336663e-01 2.270915635780512004e-02
5.326352356071232030e+00 5.760065538483020164e-01
-5.749899145930430500e-01 2.745084745464023701e-01
4.440169119975673873e+00 -3.845640537509468881e+00
-4.904329227053163542e-01 -1.403617338560652961e+00
-3.539636440906668291e-01 -7.874207084858556027e-02
-8.730652019264398822e-01 6.676565987255250745e-01
-3.539636440906668291e-01 -7.874207084858556027e-02
-3.538138707973250696e-01 -8.677005770771498150e-02
6.959184187514513731e+00 1.473933644906966212e+00
-4.373403439039434404e-01 3.368159728408279818e-01
-4.762731474982344060e-01 -1.265700023365609717e+00
3.524354460136168488e+00 -2.829609253703426308e+00
-1.649318268529555542e+00 1.476075982125512720e+00
-3.539636440906668291e-01 -7.874207084858556027e-02
8.378652717236734215e-01 2.181255512254617113e+00
-6.366873840095156334e-01 -4.324367256260454262e+00
-7.119201494242636263e-01 -4.480130100211299649e+00
-2.271630919541825833e+00 1.918185422378352323e+00
-3.539636440906668291e-01 -7.874207084858556027e-02
8.913891187611831801e-02 8.545237161291564104e-03
-6.817093620100451723e-01 -3.272572988270589622e+00
-1.346319516235926717e+00 -2.776067976980272078e-01
-9.015944039005587829e-01 7.786154168263208497e-01
-4.822211036821432706e-01 -1.324398775200396283e+00
-1.036599376032966147e+00 9.903661186293249985e-01
-1.586586922681368694e+00 1.210618019827208736e+00
-3.539636440906668291e-01 -7.874207084858556027e-02
-1.409028777448990466e+00 1.019489211832164788e+00
-2.587065524443727060e+00 2.790811273404900650e+00
-1.379406804967770794e+00 1.516905133621115676e+00
-6.018204278501596560e-01 -2.478695149303608680e+00
4.651453051330037169e+00 -3.624604911082187075e-01
-1.957687730913744595e+00 -5.788983321084471889e+00
1.674485340341471895e+00 -2.498936030929249430e+00
-5.714554663486612895e-01 -2.199239647401282749e+00
-1.234593614266777717e+00 1.299601637647157082e+00
-1.289399112809061609e+00 1.387371942744870079e+00
-4.405240231750631730e-01 -9.113254627538862618e-01
-1.073306582582697288e+00 1.038609970671287464e+00
-5.266629187083962105e-01 -1.769182436022892269e+00
2.353874774613175624e+00 5.205891407523292047e-01
-1.457388059165215077e+00 1.151266545066682578e+00
1.270594018534182368e+01 2.804081400883858155e+00
-7.519578354322079550e-01 -4.399602036052061571e+00
-4.562150578837873560e-01 -1.115840364106390314e+00
-5.685427802505087502e-01 -2.177170134501183796e+00
-1.077329438613744861e+00 1.370275712437577065e+00
-7.261138020698673090e-01 5.084644232233445083e-01
-6.070966590389060835e-01 2.133931279565452754e-01
-2.000303681180665816e+00 1.786778625953129529e+00
4.111356503287603159e-01 2.079582215026113623e+00
2.593718639998869868e+00 9.416669637127880188e-01
-4.682279645129682755e-01 -1.216503369489106312e+00
-4.524122657234126432e-01 7.604502458659861963e-02
-1.876181245794669716e-01 -1.861007269473422321e+00
-5.414741034747247994e-01 -1.907090801017903070e+00
-8.542963934330844999e-01 7.042730109562583829e-01
-4.130066052513429731e-01 -6.762540714958972243e-01
-1.860496996608529185e+00 1.493770847214703101e+00
-6.149233131314476575e-01 -2.735347938297492121e+00
-9.798956216005627606e-01 9.010786893216023996e-01
-4.735194988276804628e-01 1.105559618210147504e-01
-3.539636440906668291e-01 -7.874207084858556027e-02
1.026525062818202549e+00 1.742071695768503681e-01
-1.127948605476901012e+00 1.108950203556056335e+00
4.194140808154026345e+00 1.464979367680938838e+00
1.938943754624074256e-01 -3.041789163806144280e+00
4.016742891606536858e+00 -1.094998353139272629e-01
6.141720739101359960e+00 1.822437372791248400e+00
4.689343785733756320e+00 -3.955285298558882667e-01
-2.126882458404736997e+00 1.770219854859542918e+00
-2.040410706777121330e+00 1.750083633280770101e+00
-1.894871030393462163e+00 1.990017195273771744e+00
-1.461797058713271147e+00 1.121302814013963811e+00
-5.285425243289652020e-01 -1.781738692484933884e+00
-1.441399257456280392e+00 1.152048488778788515e+00
-9.741336341283289846e-01 8.934265359833153397e-01
7.758616395434450030e-01 -2.980960931083384002e-01
-3.539636440906668291e-01 -7.874207084858556027e-02
2.054831822921749485e+00 1.088550698561706165e+00
-8.269569875763952416e-01 7.643389234315742242e-02
-4.859995210154699485e-01 -1.390347308054308728e+00
3.365073816778913152e+00 -2.759677322801012966e+00
-5.900518904622108485e-01 -2.356411110751452931e+00
-6.823017622533261717e-01 4.318596476329056300e-01
-9.619859093225405777e-01 5.553227889774374759e-01
2.083201118642656891e+00 2.664340222015099346e+00
-3.539636440906668291e-01 -7.874207084858556027e-02
-3.539636440906668291e-01 -7.874207084858556027e-02
7.029699808400596828e-01 -1.155621024697470078e+00
-2.150034631708864996e+00 1.773992920906346527e+00
-1.296195707200677116e+00 -1.459545301670404527e+00
3.795162473159261918e+00 1.065685398657699956e+00
-3.539636440906668291e-01 -7.874207084858556027e-02
3.904597328676508439e-01 -1.584232066710590470e+00
-1.557009824884128202e+00 1.317994260995461131e+00
-9.581133071556593439e-01 8.568037442503720902e-01
-3.552451473587174835e-01 -9.464380219261075977e-02
-7.124864981384393392e-01 4.848736163967123924e-01
-3.539636440906668291e-01 -7.874207084858556027e-02
-2.533550078273366424e+00 3.084952920249904640e+00
2.250864767268013988e+00 6.216626809425604971e-01
-1.543803929191401858e+00 1.525785058140406658e+00
-3.554495096524974418e-01 -9.384594110157595814e-02
-1.430613917834544502e+00 1.043077077130474262e+00
-1.306815835400841452e+00 9.113262485240325450e-01
2.752660442357142134e+00 1.053149201532187940e+00
-1.017376641735242337e+00 7.023224207082753301e-01
-4.533781282112968603e-01 -1.887528778124955453e+00
-1.889931301767737937e+00 1.523075091129139969e+00
7.368825601477736242e+00 8.804882898966887028e-01
-2.913319773686406933e+00 2.593950427024051653e+00
-3.539636440906668291e-01 -7.874207084858556027e-02
4.513411399553105774e+00 1.356823909425596053e+00
-4.430229407320167012e-01 -9.557680748908404800e-01
-3.539636440906668291e-01 -7.874207084858556027e-02
-1.361434420963962166e+00 1.494873567284457527e+00
-9.913911955141175847e-01 9.187040205719103625e-01
3.963268036130364713e+00 9.023666883920691273e-01
-8.047084497343544029e-01 -3.200365609546828694e+00
-2.058617501414655160e-01 -6.056321776966585801e+00
-1.776113779636719903e+00 2.167707358553530472e+00
-4.222491069218319293e-01 -7.805653822612944603e-01
-2.694055323098918819e+00 2.375405684322906552e+00
-1.254958818936644294e+00 1.120239057482972145e+00
3.209438445349241498e+00 -5.232645860698709406e+00
-5.518034545163056359e-01 -2.001341233483742599e+00
-2.628943311506033997e-01 -5.937114261597283699e-02
3.687358176650205266e+00 1.323529084465344008e+00
-4.611924274908995591e-01 -1.139079836056132056e+00
-3.539636440906668291e-01 -7.874207084858556027e-02
-4.892024211504455988e-01 -1.431117688484048411e+00
-3.791041665710349062e-01 -3.637135878784907017e-02
-4.347668035167072675e-01 -4.247913574717815388e-01
-3.794288667515576807e-01 -3.402633391288923392e-01
-1.824649595069804286e+00 1.489422776549893523e+00
6.075854309335787740e+00 1.529282678403538487e+00
4.309044026643841896e+00 -1.806715473991446150e-02
-2.538323809064508385e+00 2.418179661663878655e+00
-4.159479718863900999e-01 -7.214646116185259306e-01
4.023377497300068661e+00 8.194691422926346780e-01
1.717439455412539839e+00 1.245758202142623228e+00
-3.539636440906668291e-01 -7.874207084858556027e-02
-2.804225863800205776e+00 2.472130536678116997e+00
-8.130157003272521221e-01 6.403814146304824817e-01
-5.868126580958467065e-01 2.895847014570458455e-01
5.613011948624472502e+00 1.295043036733001696e+00
-3.539636440906668291e-01 -7.874207084858556027e-02
-9.822934076067109110e-01 7.732978539803505580e-01
-1.443773351876722622e+00 1.056281323062255195e+00
-6.736726547030267298e-01 4.268631397726185828e-01
-1.201638696761910152e+00 8.402241279785317429e-01
3.170534418710309499e+00 1.114879666521804813e+00
-4.739676601286199054e-01 -1.272788781672842262e+00
-6.087402000862951468e-01 -2.557969240610626027e+00
-2.310072661968221919e+00 2.419273931806440459e+00
1.436163959262288792e-01 -1.378573702240483589e+00
-4.369957989596390813e-01 -8.939803437144654419e-01
-1.971483670606128502e+00 1.604244014479984326e+00
-1.000261372317966524e+00 9.355830666836812970e-01
-1.017437794229157255e+00 7.377998140713831754e-01
3.452505719877520640e+00 -6.636844117597728854e-01
3.153466718807855340e+00 -8.019663977143836053e-01
-3.817614629797214665e-01 -3.661183782082403360e-01
-2.523591198126411417e+00 2.692269102083884036e+00
-6.367093904560483519e-01 -2.878649556635530349e+00
-1.114309368088772567e+00 1.088096980257234891e+00
-1.621123373331471385e+00 1.797652975175881407e+00
-4.128948351662926064e-01 -6.808405578110150458e-01
-1.499598358429442557e+00 1.610052772065471371e+00
-4.026175202361413907e-01 1.196814716336226381e+00
-6.133756448903382452e-01 3.321349469006323329e-01
-6.440812060997283539e-02 -2.041397126235398485e+00
-1.094263158823739035e+00 1.078724925063947682e+00
-1.350751470162312007e+00 1.384827736911810492e+00
-7.310224428310853062e-01 5.037525226443009263e-01
-1.030382753586109867e+00 9.806233306422798002e-01
-1.301589627259548854e+00 9.043586627005256728e-01
-3.706421374982805661e-01 -2.323029159536371124e-01
-9.880167940445792052e-01 9.165736184172847967e-01
-8.950031332585505206e-01 5.079293115851699625e-01
-3.844539951275594003e-01 -3.883574308944822140e-01
-2.170356489560306135e-01 -1.337917505093658144e-01
4.573249435919667372e-01 -3.797305492350100842e+00
-8.961289608507303495e-01 -3.891896126333453942e+00
-7.120778577913002838e-01 4.810004993167480980e-01
-1.395243905576315058e+00 1.316746260866759943e+00
-9.483122844236665516e-01 8.521843276910374687e-01
-1.283992291766226534e+00 1.225304113670779627e+00
-6.041336412754307883e-01 -2.553452562235447587e+00
-6.620347161051388651e-01 -3.496979555463163081e+00
-3.539636440906668291e-01 -7.874207084858556027e-02
-6.786439645864991155e-01 -3.367460434401821523e+00
-1.151932618066016767e+00 6.839349357864933365e-01
-5.885322475882555082e-01 -2.355779377884215986e+00
6.669074537744779541e+00 1.544568422655395290e+00
-5.958329665870176761e-01 -2.135154757141581428e+00
-7.882331187375859471e-01 6.008288339486145269e-01
1.934957923168744598e+00 -5.856626755440642595e-01
-3.539636440906668291e-01 -7.874207084858556027e-02
-3.539636440906668291e-01 -7.874207084858556027e-02
-4.380164611883026193e-01 -9.151400874131080387e-01
-7.283977110914372499e-01 5.085272609981593694e-01
-3.539636440906668291e-01 -7.874207084858556027e-02
-1.031094986336524189e+00 9.752864440687826209e-01
-1.102883733572206149e+00 1.090813335325820033e+00
1.647675285972572068e+00 -1.314938910469244937e-01
-8.110572666348782045e-01 4.938237128127418440e-01
-3.840919795323512465e-01 -3.917889656903934537e-01
-1.573008497924233140e+00 9.425398613435724826e-01
-3.539636440906668291e-01 -7.874207084858556027e-02
-7.085186432254548805e-01 -2.957128045859607202e-01
-5.719219547730453046e-01 -2.209278568722072844e+00
-8.558286385116341544e-01 -5.349435132715354424e-01
-3.539636440906668291e-01 -7.874207084858556027e-02
6.408328278984432913e+00 1.746357244077785031e+00
-7.696864903904707678e-01 5.675859991504247359e-01
2.519039462270771690e+00 5.309109671883956993e-01
-9.783967467453834610e-01 8.518206414608858745e-01
-5.741560183662570704e-01 -2.329827344707819936e+00
-5.114166166255300627e-01 -1.692356540904893958e+00
-3.678023180938275183e-01 -1.836725105837718197e-01
-6.387671915354139474e-01 -2.885747217304832635e+00
-5.620325031722170905e-01 2.546030934027614379e-01
-3.539636440906668291e-01 -7.874207084858556027e-02
1.546576547360708043e+00 1.145443318072115968e+00
5.286979193829279389e+00 1.223011730312051126e+00
-9.505977502352601638e-01 8.556685839496842583e-01
-1.028027200303910815e+00 9.745441321011943936e-01
-3.539636440906668291e-01 -7.874207084858556027e-02
-7.143377827799400892e-01 -3.504626380785746065e+00
-3.539636440906668291e-01 -7.874207084858556027e-02
-3.539636440906668291e-01 -7.874207084858556027e-02
1.691223490351606129e+00 5.870269627545638969e-01
-2.575407196029829482e+00 2.627582617063590309e+00
-2.270242124091247149e+00 1.918102867080057061e+00
-1.020200039347337162e+00 9.643028988646004107e-01
-1.795132699329611059e+00 2.213959617532621049e+00
-6.100727591236430047e-01 -2.573731879349543394e+00
-8.111878241012787649e-01 6.381800543329038122e-01
3.509908772240036168e+00 3.830150722725481627e-01
-1.112377294641519798e+00 1.108593308768832664e+00
1.040847494897944259e+00 -2.312512713833945632e+00
2.970276713621799569e+00 5.902094967235268497e-01
-2.784634256595848179e+00 2.451114752858058132e+00
-3.606906531863619758e+00 3.473695854206719780e+00
-6.484947523654503998e-01 -2.916648258242832359e+00
-3.539002893946551764e-01 -7.934980226339963250e-02
-4.847406334105465175e-01 1.288892448871561625e+00
5.172331485275408092e+00 2.344127057693013771e+00
-4.384999768791207342e-01 -9.072204369082493836e-01
-5.082481216312297878e-01 -1.593657220022929755e+00
-8.313319524405571315e-01 6.684570856074806278e-01
-1.535158140767477475e+00 1.728637424661223720e+00
-4.594190815712175802e-01 -1.102100722493088547e+00
-1.500222784912820462e+00 1.554907780374503723e+00
-5.258463313271443118e-01 -1.782434103885512044e+00
-3.546990391934367604e-01 -8.544693636099751077e-02
-7.606934646317439763e-02 -2.910109779606047553e+00
2.387163875442376515e+00 -1.136573481823553777e+00
2.752791191294488016e+00 1.244182948179656467e+00
-3.539636440906668291e-01 -7.874207084858556027e-02
-3.574690109610237365e-01 -7.290040287752677650e-02
-3.539636440906668291e-01 -7.874207084858556027e-02
-3.539636440906668291e-01 -7.874207084858556027e-02
-3.539636440906668291e-01 -7.874207084858556027e-02
-5.959503510652166547e-01 -2.727677172442374509e+00
