1.315577369357410653e+00 -4.382568117216761872e-01
3.254491021212060353e+00 3.562964789322007331e-01
-6.512561328131567961e+00 7.275419318994070794e-01
-1.211933395648309597e+00 -3.340392598884129316e-01
2.100158716665717851e+00 -2.238777377956982784e-01
5.134581046829413076e+00 1.046340516870668536e+00
-1.182804380342272976e+00 -8.731032739651241048e-01
-2.061169981679725982e+00 -5.738382137278447148e-01
-2.861189346111743692e+00 -3.768593606679110919e-01
-2.210293933396260346e+00 -3.054451919001542337e-01
-5.045248037879454195e+00 1.021985551920723712e+00
4.211299058545309393e+00 7.184069928181816556e-01
-1.374576516806825799e+00 -4.575298656892119453e-01
2.129328436103331779e+00 -1.666996785521263069e-01
1.522576866834745912e+00 -4.339543357372332433e-01
2.887859836553662962e+00 1.893463517337738156e-01
-1.475697620875062732e+00 -6.568730559997463248e-01
-3.838175494188602599e+00 6.587019461777369189e-01
3.265743479390798676e+00 3.650706328732438166e-01
2.364352773777290473e+00 -2.269846918068491731e-02
3.997039627100138492e+00 6.506134379117995969e-01
-5.193104227880922963e+00 4.294758671184824572e-01
1.687365241622780454e+00 -3.408131154383454153e-01
6.104282891704572833e+00 1.888997842438331132e+00
-2.003684379438888552e+00 -3.266028441119615544e-01
-3.131547866374451594e+00 5.420181906344461176e-01
-5.428151777277245849e-01 -8.098199724361596630e-01
-3.544346474157521687e+00 -7.992354370571445182e-03
5.302238855959865660e+00 9.790481993043689268e-01
-4.479702493088379534e+00 7.262202165607678506e-01
-1.655915772791442420e+00 -2.152240808583105458e-01
-3.276409156469195505e+00 -1.501034885660752216e-01
-1.136659667402298846e+00 -1.626489744111730973e-01
3.576294439525019797e+00 4.501598619977056903e-01
2.916571203635531795e+00 1.357034764060176812e-01
-2.010172734176180587e+00 2.437716804163426731e-01
2.616426952169501163e+00 7.920851769085038296e-03
2.948752964522197928e+00 1.984127052169883942e-01
-6.945189102792812541e+00 1.254301443494423296e+00
-1.439179532015169238e+00 -2.677682594838047270e-01
2.519308492028420332e+00 -5.142048836881871199e-02
-3.682483999607938152e+00 2.894352076834616483e-01
6.894349213786491681e+00 1.923304581439976735e+00
2.774611334588720890e+00 1.156607016881168321e-01
1.789207576993259607e+00 -2.484432417891107026e-01
2.608484096463155044e+00 -3.429982124235601143e-02
3.146733107715108613e+00 2.888468991534173247e-01
-1.921765139901284725e+00 -1.447737887370206533e-01
5.206439419931784940e+00 1.048038497740556352e+00
-1.063391120366422804e+01 2.322070467749181244e+00
2.414065506902395963e+00 1.079365798077192365e-02
4.167405969886877060e+00 7.399883102634045029e-01
2.433128887042751654e+00 -9.673257656716037489e-02
2.154723426930912122e+00 -2.408731777597743484e-01
2.723427986577506399e+00 7.199717214826771572e-02
-2.689366710417660400e+00 2.738279063447918160e-01
1.348163097551915879e+00 -4.514934571459346402e-01
1.729638385503482700e+00 -3.115449380058702977e-01
-1.757255408928465767e+00 -5.653481854258162187e-01
-2.494534867722167260e+00 -6.629350630241340747e-01
-1.708771925024177740e+00 -2.779559208276972115e-01
-1.270083810493254362e+00 -5.255539526818688856e-01
-9.859819017231757909e-01 -7.076257192255361872e-01
-1.751328633026181691e+00 -3.563781843444387976e-01
2.623256016188646011e+00 1.894019720009559871e-02
-1.971154119749890299e+00 -7.039023879926997740e-02
-3.184056978645543462e-02 -7.118726418078115126e-01
-2.011801117801796490e+00 -4.343141888436127251e-01
-5.535913754057881775e-01 -6.582883981013373242e-01
-1.411156606721764906e+00 -1.216565340473931972e-01
2.077567686189101703e+00 -2.240170909167622515e-01
-1.027336464301782826e+00 -5.372590899033422573e-01
3.630636822504222927e+00 4.549941953263290650e-01
1.802179817114850646e+00 -2.838165780737297861e-01
-2.322325772221607743e+00 4.298969042312594108e-02
2.212467764016980531e+00 -1.167418084358367858e-01
-2.291573366378106602e+00 -9.219565339326021847e-02
1.545516139756383689e+00 -4.168003483130621745e-01
1.380895563885912392e+00 -4.625036167769269180e-01
-3.738773994828580083e+00 5.642881465765159366e-01
4.198887088700000270e+00 6.188794060944838860e-01
4.164836501955664794e+00 6.516467410670891969e-01
-1.016133741988924255e+00 -5.665071778915379275e-01
-1.504366519134243407e-01 -8.268570297399472357e-01
-2.771993535079810389e+00 -3.300318760271879759e-01
-7.526820578357280578e-01 -6.529652207979986800e-01
1.823330384800229576e+00 -2.713653558857107573e-01
-4.928597654300025610e+00 1.049750028061572138e+00
-1.810724803132974570e+00 -3.851724252384999825e-01
1.554135845766736912e+00 -3.889246447448680977e-01
2.154522061195933258e+00 -2.546587506797131084e-01
-1.130712023569947711e+00 -3.767747470737302651e-01
2.736778109768254197e+00 1.321518329829448890e-01
1.300164090019702234e+00 -4.724237214565913945e-01
-3.730755020964235502e+00 5.585993103943361904e-01
-1.044035059742079108e+00 -5.607089462514510680e-01
-4.565442618400729735e+00 3.051182257776021700e-01
-3.329797192825834973e+00 4.895694260351707294e-01
-1.990200583528308087e+00 -6.524466830014404861e-01
2.300290585928391085e+00 -6.843735680841776803e-02
1.875655113544120622e+00 -2.668950092168430599e-01
1.341570956007325011e+00 -4.392119312681916909e-01
-1.948465018209599497e+00 -3.421021861101200545e-01
1.871308424490786493e+00 -2.571174195937682705e-01
2.024946194492354579e+00 -2.395745167614008742e-01
-4.449614009487524058e+00 6.887778360686597212e-01
1.105579997428169214e+01 3.066379894737316203e+00
1.855722946876108947e+00 -3.347545859891961073e-01
-2.833067565738997207e+00 -1.479640701285525328e-01
-7.707649805175585955e-01 -6.722560241771711187e-01
1.107881612392204396e+00 -4.977627944269947813e-01
2.186574177358221238e+00 -1.302603210238798270e-01
-7.264890239068353850e+00 1.879717845947654453e+00
-4.544238353516312223e+00 -3.467319779760950904e-02
-3.053165227210989374e-01 -7.906364659399433004e-01
-7.021537179918666993e+00 6.213775647122919965e-01
-8.213010136024208041e-01 -6.650029225836364688e-01
-1.457468413927429429e+00 -5.031913575411537387e-01
1.967867883763511738e+00 -2.490948308886638540e-01
3.061037783231682408e+00 1.555942562014535346e-01
1.610583689719879086e+00 -2.851766029990666085e-01
-3.058016675336892032e+00 -7.467830208173843742e-02
-4.202469694822276836e+00 5.227402239865795025e-02
-3.139628394612255846e+00 7.334661680625692570e-02
1.979402194995948605e+00 -2.892513171173873299e-01
-1.720352757863203186e+00 -2.814636415264464842e-01
-1.955502053805796780e+00 -4.415285078557859566e-01
3.167714757028661232e+00 3.927336595103838590e-01
-2.288503285534050136e+00 -5.939251006160886082e-01
4.412746037132984078e+00 7.251502740170265859e-01
-2.614405810815619624e+00 -3.503715741887528101e-01
3.203311655226233956e+00 2.244696011522564205e-01
-1.349087402331745844e+00 -4.776666745095711764e-01
1.386320881868909893e+00 -3.990431113214431003e-01
-2.526675248170555221e+00 -2.209231652929641854e-01
-1.190417153038810127e+00 -5.503683768985796476e-01
3.206000724969324089e+00 1.476946211588929248e-01
2.344304004602277836e+00 -1.335805733219028735e-01
1.872622392801352342e+00 -2.972879718141577809e-01
3.702535602067130505e+00 4.431063994377175685e-01
-4.598606013794558578e+00 2.524471624568083161e-01
-4.175963030946864940e+00 1.992452999458683427e-01
3.219013139310503480e+00 3.340066719404236606e-01
-1.400484980946894886e+00 -5.469228613654233406e-01
4.151780744288129377e+00 5.673076433294089727e-01
-1.988566267330782678e+00 -4.974993001104029977e-01
-8.310533508556965376e-01 -6.094131500397487189e-01
1.785324575959780447e+00 -3.350909059196862105e-01
-6.742003644000645890e-01 -7.007611978875792902e-01
-3.417732792859551338e+00 -3.300309730754966142e-01
-7.643730854027846355e+00 1.461153386524553177e+00
-1.459380420330916861e+00 -4.732736928022921452e-01
2.577416496806072654e+00 2.850557402316575631e-02
1.625651221802727475e+00 -3.949380873455657914e-01
1.833640573540395335e+00 -2.642479098528857651e-01
1.057162084828858539e+00 -6.185093362291781416e-01
-1.479894424902316707e+00 -4.912955200462119087e-01
1.822522884967777923e+00 -2.835714078866914956e-01
-4.282989089817900386e+00 1.718362745337570496e-01
1.530100910013893811e+00 -4.122623139490525501e-01
2.451258586260637085e+00 -8.982413171950269504e-02
-1.030345943275282838e+00 -5.414714112024894277e-01
-1.094229305073519898e+00 -6.349053221862586138e-01
-3.984785479437866318e+00 6.458670502471252073e-01
1.672095841074063172e+00 -3.512468869192504339e-01
1.983114887553734107e+00 -2.680763880503335139e-01
3.969596252523865498e+00 5.750949754683870596e-01
-3.154379118405532534e+00 -1.278502588597612843e-01
1.471254793417240192e+00 -4.822378943899950920e-01
3.106176429117507354e+00 4.779462932026305455e-01
-3.052312697751483395e+00 1.210488935100995506e-01
2.340648117452368115e+00 -3.085681948691659099e-02
2.524458348379827299e+00 -5.911674923668306519e-02
1.738789736578998824e+00 -3.354620580038842337e-01
-3.128045164877490514e+00 3.180015636714214056e-01
1.632533053812813550e+00 -3.834053142602587561e-01
-1.691319080430619737e+00 -5.720554826019644823e-01
2.170118633964658095e+00 2.377516556355013452e-02
-1.457138418223218990e+00 -5.122903327036667509e-01
3.828111622455224961e+00 4.986336955450068054e-01
-3.024581132246374260e+00 6.328373107983819024e-01
4.952286868802376674e+00 8.864795076589309097e-01
-3.709827971605390129e+00 4.110596076270069399e-01
3.210618861075362762e+00 2.115263694369809711e-01
2.008773974181115030e+00 -2.593292323456842241e-01
-1.059650195552662710e+00 -7.111594067151344456e-01
2.513882675050723048e+00 -6.937646044392013767e-02
-3.389570136117427079e+00 6.897411562228830118e-01
-2.138016842814030039e-01 -9.152684927887106969e-01
-2.615351800877180555e+00 -2.780596718632344366e-01
2.093334460688500709e+00 -1.862466011447410086e-01
-1.616440573331789921e+00 -6.901894785426148093e-01
-1.989019134963672331e+00 -2.157262839170208668e-01
-3.205016438923008693e+00 -1.510249503405191318e-01
3.090726509663715760e+00 1.683663819817056151e-01
-2.275638748628574071e+00 -3.205960240127385674e-01
-4.099166998377001825e+00 2.154324560292850965e-01
-1.498617024406456499e+00 -5.298124515529661904e-01
-4.131194635720977892e+00 1.147716150740925589e-01
3.620745221417964288e+00 2.572319351838273094e-01
1.967084370761720269e+00 -1.926389363451417314e-01
-8.299503971986232909e-01 -5.953267206350851826e-01
-1.990559361160271434e+00 -4.601075918459915370e-01
-6.933303238259000523e+00 6.589057574377666926e-01
-1.038319983850760631e+00 -5.162678336097991094e-01
3.784733773632674048e+00 4.354806321632467836e-01
-3.265132682374204620e+00 9.351861732884966805e-02
3.459216363077096901e+00 3.817938465923729763e-01
-3.804072229312051245e+00 3.027748048965615002e-01
2.140794830315876585e+00 -2.124331839206983763e-01
-1.992950389622567098e+00 -4.188132341081058363e-01
2.736585063698714126e+00 6.447898426671841432e-02
-3.618095398786561390e+00 -6.059172024868649496e-03
-2.095573197202690974e+00 -1.103276911877596189e-01
-1.626703857367854056e+00 -1.212907583279210499e-01
-4.949383789459464111e+00 1.110942483680877224e+00
5.245584703396043658e+00 1.085904324363766937e+00
-1.715728433846172019e+00 -1.795779098533741014e-01
1.449193841181410924e+00 -4.328274310610868980e-01
1.645432660393564728e+00 -2.724225553017248225e-01
1.314316781291196001e+00 -5.407363235772632004e-01
-1.419919799479131939e+00 -1.541774864957591862e-01
2.626424268037058862e+00 3.852686171680242549e-02
2.595679834835376898e+00 -3.232850970609450758e-02
-3.792948043337657893e+00 4.894336143027830377e-01
4.578674522957467019e+00 9.197694263472010467e-01
1.716942968239575373e+00 -3.659349214661599681e-01
-3.081421211408055694e+00 3.754309507197666762e-01
-7.154391106212202089e+00 1.793920305402091575e+00
-4.232498820212445167e+00 7.833860452529244345e-01
2.658142392947305588e+00 2.855318094133861562e-02
8.795337823337251448e-01 -5.340949310157626639e-01
2.115667143710606712e+00 -1.661129821789796290e-01
-3.624660943199590868e+00 3.649463528535619172e-01
-7.164186245975817435e+00 9.811006731007589909e-01
-3.675553693594097115e+00 4.153621608128482690e-01
-1.518435520551494333e+00 -1.532237998363211728e-01
1.715324369393339321e+00 -2.662578940276184580e-01
-1.779634719949216626e+00 -7.616885756193765289e-01
2.754507443876620609e+00 2.900718487945825458e-02
2.685098491569512191e+00 1.168804240104982795e-02
-2.929648680050541909e+00 -7.149114245229692965e-02
-2.176053529646788220e+00 1.088271576071113272e-01
1.744614971232932410e+00 -3.474375705684338289e-01
-5.453062616631894066e+00 1.310888656052234147e+00
2.852022655024481601e+00 2.143832646071700682e-02
3.050744779091504100e+00 1.742499310055561079e-01
-2.493929975830567081e+00 -1.970614493802672063e-01
-4.562166479645566319e+00 -7.149511506446186715e-01
-1.522435708927838638e+00 -3.817158487950043644e-01
-2.786739228783341016e+00 1.689944985020004897e-01
1.062583076228658996e+00 -5.428885219897430225e-01
5.676628930133942319e+00 1.253523448163553544e+00
1.684777097214305686e+00 -3.127610405543282956e-01
3.250467556615104225e+00 3.392105129385183937e-01
5.513951611763716620e+00 1.315958597925780182e+00
1.391287423542692636e+00 -4.833558557541653977e-01
3.916965594568015963e+00 6.406228653594457922e-01
-4.173863358811457758e+00 -4.615145071790707071e-02
-2.393903255085381154e+00 -3.064941305846307085e-01
-3.072615934704062468e+00 -1.975004205445817229e-01
-8.347674034547922783e-01 -5.206229903211827548e-01
-2.271181484584947619e+00 1.484013089916090197e-02
-3.998735696934347494e+00 2.526203655444245189e-01
2.480327269273512325e+00 -3.671997865723179103e-03
-1.085350322288219704e+00 -4.603747875434313630e-01
-2.383075771520965169e+00 1.610324447951565208e-02
1.632966562607957028e+00 -3.095425395480099762e-01
3.146482685447423489e+00 3.021147893825197883e-01
-4.030733420554693525e-01 -7.857609237186858886e-01
3.020016277013632955e+00 1.262909043445925861e-01
1.965932462330844732e+00 -2.792310306721627611e-01
-4.283939126832142286e+00 1.063599329254467651e+00
1.979513866930371124e+00 -2.019555038041123685e-01
-4.780108951056554645e+00 6.549425235015799984e-01
-3.918635591665867501e+00 4.709025157327599853e-01
-2.589723863330529952e+00 -2.574760804612157283e-01
2.343017812646458697e+00 -2.558071578066390198e-02
2.622054777671390724e+00 -1.733886771958968731e-02
1.075112999692815929e+00 -5.166304535651490282e-01
1.858861691990030707e+00 -3.060417852734106381e-01
2.103730198656450057e+00 -1.377059936306462562e-01
-3.017717858046454982e+00 -3.700668567664127662e-01
2.930154935885199041e+00 1.832640707289493187e-01
-2.230433885712272080e+00 -3.054975037819122052e-01
-2.696299531825204543e+00 -3.826665850123344148e-01
2.610243072064126313e+00 6.870975673609761372e-03
-7.757126846720662217e-01 -5.533304862348108477e-01
-5.607340777321846659e+00 8.567172656585757551e-01
3.638976131722338359e+00 4.888869629245542470e-01
-2.794831046288954735e+00 -2.646492189722833843e-01
-1.062417434171830655e+00 -6.149093166154158130e-01
3.434431511637283219e+00 3.889795742073572926e-01
1.233899542311675646e+00 -5.142175324865574382e-01
-4.092283895770546742e+00 4.281326414309170603e-01
2.264731307341961486e+00 -1.539415974135376064e-01
1.559381645735299360e+00 -4.029675485020262071e-01
3.413503285064843240e+00 3.799476173029995851e-01
2.825667380849620880e+00 1.355840758018385661e-01
-2.257645085837425292e+00 8.442734156153247627e-02
1.668181721349052848e+00 -3.609518417550556246e-01
-2.368946360873592116e+00 3.604156317093716311e-01
2.260115850877367105e+00 -1.497688970030320865e-01
-2.184860741815706220e+00 -4.662799253656143006e-01
4.641696567576763854e+00 8.255694755625830883e-01
2.260640130327303599e+00 -1.812063841510554441e-01
2.011235045139579292e+00 -2.628789696328739933e-01
1.630245736735300044e+00 -4.217490837389342162e-01
2.072916891550466989e+00 -1.596839791634210859e-01
-2.018721114082647539e+00 -1.046465918546647805e-01
2.251063364740047312e+00 -9.933641932585336731e-02
2.191813068706659262e+00 -1.708955913579215113e-01
-2.322406597579054210e+00 -5.124564857497301285e-01
-5.803640812988644093e-01 -7.165581169456208821e-01
2.878481960228428616e+00 1.450277124485025437e-01
1.987405710358954192e+00 -1.829272307257615027e-01
-3.540624439761399511e-01 -7.923752493728807300e-01
2.444675319749382680e+00 -5.896714696889170104e-02
3.097318387220040492e+00 2.780777707266039456e-01
1.882212204714299064e+00 -2.853047846893771444e-01
3.498112591978614905e+00 3.025380994487646968e-01
4.446103091761296255e+00 7.486252557503103588e-01
3.097386277133193921e+00 1.397174312850383016e-01
1.927716668330164085e+00 -2.143575642804950165e-01
-3.313869013361028681e+00 8.026610481619855797e-01
1.602633549273800417e+00 -3.797611999220904533e-01
1.214290758396099346e+00 -4.931156334780248951e-01
4.941922396928975836e+00 8.242880826341665301e-01
-9.619143095174105262e-01 -6.678806486752172367e-01
-2.970774750856180813e+00 1.627632429849358020e-01
-5.487942996923152350e+00 6.734994070100730479e-01
-3.474189430444543092e+00 -1.499503518778660394e-01
-1.123591462518923612e+00 -5.869772658878220639e-01
2.103850570094586647e+00 -1.899322353557435505e-01
-1.758135725626841284e+00 -3.436068030154756370e-01
-1.290478410271722609e+00 -6.485625682401423564e-01
4.488892363578691480e+00 7.332263868826909281e-01
-8.337073702090959104e-01 -6.749963810848551571e-01
1.547710457617341495e+00 -4.356134731304556751e-01
3.110912093620251007e+00 2.820307814562084125e-01
-2.948973346131976925e+00 5.903294112692911849e-02
-1.090064978436353860e+00 -6.649322666883891175e-01
1.651125314808977063e+00 -3.506770904128143074e-01
3.651055677816414935e+00 3.668412100253498620e-01
-1.203481656103457142e+00 -6.532267479722502213e-01
-2.411347373543132111e+00 1.008608734891736636e-01
1.385920924243971397e+00 -4.938704991917038378e-01
-3.911511950546389560e+00 4.661370736023006667e-01
-3.277192446337311882e+00 6.427958863856028104e-01
4.081148879652460870e+00 5.091662749192458204e-01
-1.018653806514529858e+00 -6.145633079412350375e-01
-7.533370369418536328e+00 1.367922949587581316e+00
4.472409196682598953e+00 7.136292281118307157e-01
3.833072583326072369e+00 6.071785153720713479e-01
-1.899810092111159365e+00 -4.388342197106814280e-01
1.810180889795447667e+00 -2.738063379966023669e-01
3.359592070689541465e+00 3.501239400679359570e-01
-1.368712128492943325e+00 -4.942286682121393993e-01
-3.531073111064904069e+00 -1.893030551005443762e-01
-3.719333451338559637e+00 -4.242371160733932056e-02
3.158539953429146507e+00 3.095139575184749914e-01
2.127996677189135877e+00 -2.040528135903291740e-01
-2.721282803412262918e+00 -3.307612019890934230e-01
-2.873788618395896055e+00 -3.953414020731078060e-01
2.032469424183556583e+00 -1.955639531969951828e-01
2.416568365892473480e+00 -1.628661670645878759e-02
4.376014490268786972e+00 6.286934060121960322e-01
-1.895001387665910864e+00 -4.704809585172550768e-01
7.904741375479005239e-01 -5.974314495090321531e-01
2.076218892544795303e+00 -2.313586663128167353e-01
1.168523783827309703e+00 -5.611994097383702362e-01
2.618577993467603449e+00 -8.959634128141390208e-02
2.807731377048527044e+00 7.431515279460609857e-02
-1.036219932688660084e+00 -5.466558286026885760e-01
1.667005529275481512e+00 -3.758924337243781388e-01
-3.386992776348676237e+00 -2.163956111471858068e-01
2.743522535249506955e+00 1.017452315919652184e-01
4.371330287902943645e+00 7.798065728836937049e-01
-3.600591557383117536e+00 7.673701813859552801e-02
2.507875892153306641e+00 -5.786060005125664985e-02
1.607411909260297644e+00 -3.791044776551441009e-01
2.447575714929283386e+00 -9.743664091739207000e-02
-7.790328978148833627e+00 1.589704050864509499e+00
-1.791926957785776597e+00 -7.445851183170327792e-01
-1.435239606095497500e+00 -2.049040958604184115e-01
-5.735086774617673022e+00 5.185377694910214830e-01
2.032885125513243185e+00 -2.572618100260781748e-01
1.256125306678211873e+00 -4.591275317750540541e-01
1.723543223905500410e+00 -3.237745978067511632e-01
-1.424293607708150500e+00 -4.293282310850422556e-01
1.818914490773637205e+00 -1.377018434363972144e-01
-4.105556782221666090e+00 -2.112142994602538848e-01
2.740541151351747029e+00 2.057697021331413578e-01
-3.465422307746406361e+00 2.962379547975118599e-01
-2.000496057122512550e+00 -2.432462792241656124e-01
-2.232452774834808196e+00 -5.673070039009175947e-01
-1.392133355932065664e+00 -3.489241508555149252e-01
3.476661892980922097e+00 3.558534685432772626e-01
-7.356114879934841921e-01 -6.366528278959558973e-01
3.660055037557099933e+00 3.979329557592946043e-01
7.570916480302966045e-01 -6.167244065812776954e-01
-7.914366741177410347e+00 2.303249259956571482e+00
1.240731553022151212e+00 -5.007628262520659179e-01
2.094770602515369173e+00 -1.870809060823064307e-01
4.318556999499112870e+00 6.830484378963905812e-01
1.236264605885961210e+00 -5.142967568511006560e-01
-1.007885098835784587e+00 -1.813484293931588720e-02
-5.254734679944700559e+00 7.531517359419807045e-01
-1.227056029359870681e+00 -2.087832384787694506e-01
-1.701376649482695846e+00 -2.565591474240009329e-01
-4.818715870844169302e+00 9.848634140996758157e-01
-7.412280432365231375e-01 -4.824299523907768505e-01
2.045853557899114605e+00 -1.646263015290201359e-01
-5.005358199497591087e+00 3.130506915783317079e-01
5.379222410343388106e+00 1.046330421737800664e+00
2.762822759341525991e+00 1.021801028304687720e-01
-2.286983372965484040e+00 2.756824467260359235e-01
-1.756458606419773361e+00 -4.181834523895444633e-01
2.313631496557948086e+00 -1.043452313332565162e-01
-1.903768931027818301e+00 1.317133104409881350e-01
-4.612568551332473787e-01 -5.130176090556441970e-01
2.318152311944686073e+00 -8.597387719838209263e-02
1.776475284703295188e+00 -3.150224453023936499e-01
-3.549417368622021396e+00 4.072485850710389627e-02
-2.324424435345553874e+00 -1.352620191297638497e-01
-2.131327692298401022e+00 -2.974635029015814114e-01
2.318584473002678337e+00 -8.070419823896571310e-02
-2.881715578530886113e+00 -3.356710456039073698e-01
7.836946925884122894e-01 -7.275909197115063565e-01
-5.775680418228724688e-01 -4.837991811534335662e-01
-5.967776429815250694e+00 5.169709223206808701e-01
3.256818865819530284e+00 2.772317191692006966e-01
-2.736345742445172480e+00 -3.887365878500671085e-02
3.482929229639245339e+00 5.392417048189334094e-01
4.200848749629445322e+00 8.446229004983096811e-01
2.400913106551999743e+00 -5.064727860672680465e-02
1.366625335104473926e+00 -4.876963872915339726e-01
2.257377928452186655e+00 -1.298386575223131889e-01
1.795068558579465234e+00 -2.984944935441674607e-01
2.164779007078989626e+00 -1.898095216478246083e-01
-3.169156255875538619e+00 -4.517767695833338655e-03
-3.854320502514862135e+00 3.946232634178460930e-01
-1.176617434014709751e+00 -4.499847495172750178e-01
3.862229804029205127e+00 4.958037564881066506e-01
2.091117786029243142e+00 -1.608272832753638026e-01
1.895070401053228215e+00 -2.935483874502664570e-01
-5.505532560331815262e+00 9.602151324955553457e-01
-3.616085115265215588e+00 4.953438861654078096e-01
6.086449961854104806e+00 1.632861801509557509e+00
2.043698557498699220e+00 -1.303947888853040360e-01
2.333190489521573596e+00 -5.906350475829744845e-02
-3.421960586722097464e+00 4.044589920979203557e-01
1.829988747706731811e+00 -2.490257297906003087e-01
-2.619641039594171605e+00 -1.274682174047876981e-01
-1.311840261042352740e+00 -4.035242730672125022e-01
-3.094860141876055515e+00 -9.092899832617817868e-02
2.497332312717507996e+00 5.002854208777884025e-03
-3.461754238999207978e+00 -8.430086468596802163e-02
1.337665737311755310e+00 -3.243773515885103320e-01
2.293594839858607681e+00 -3.308242789693394137e-02
7.027967534431832419e+00 2.067457501850913371e+00
2.188676943329947111e+00 -1.398211264641571749e-01
-3.905753179951722664e+00 -2.202768197929307614e-01
-2.390708860091768917e-01 -7.432009528547225408e-01
3.131302125853074880e+00 2.134835862279456098e-01
1.390964302690461452e+00 -4.725033527429204350e-01
1.583613115784970882e+00 -3.891882428505898384e-01
2.155712813160068464e+00 -1.164832191749092249e-01
-2.138393262457789934e+00 -3.883135454001183096e-01
-1.456108289570858805e+00 -3.508302602422277428e-01
-1.357484576599504944e+00 -4.811777792426160660e-01
-4.779154258225594809e+00 3.367372029920834287e-01
6.739467802168553234e+00 1.560501582744668658e+00
-6.344620241075836775e-01 -7.212662355854515539e-01
5.201690782256628509e+00 9.846064185332001895e-01
1.226620233948420680e+00 -5.676754512308885836e-01
3.251788435922519760e+00 3.391142518366813685e-01
2.122119361596428888e+00 -7.647225480507686968e-02
2.340867322784946580e+00 -1.029378946883759416e-01
2.135895414226754774e+00 -2.252396246562694826e-01
1.492872612013194766e+00 -4.201232048051218304e-01
-6.314934463672464915e+00 1.044421477519321018e+00
3.318155713640086546e+00 2.434736983653961184e-01
4.232437453707760255e+00 6.100364496168397821e-01
3.151519920429416199e+00 2.765851210942849026e-01
2.445852543731475315e+00 -2.415899952028092990e-02
1.887584927400185242e+00 -2.323024484827783676e-01
2.171511837444811910e+00 -1.557273086812205054e-01
-1.714475749141969541e+00 5.742889297348801117e-03
-6.942482457005282326e-01 -6.076737347070645390e-01
-2.685614450283855703e+00 -3.507876429941865770e-01
-1.947360969792597318e+00 -3.650007904776425560e-01
1.581750089533174863e+00 -3.975287624289346455e-01
-3.055069507497794490e+00 2.162377387882248314e-01
-7.402087963790365599e+00 7.402333088595698385e-01
2.371402241986013681e+00 -4.012723056205218936e-02
-2.878705284085485872e+00 2.757592754227407017e-01
-8.613288228616655218e+00 2.052630062614735795e+00
3.893037525338679750e+00 4.380100793106643242e-01
2.948498798277840560e+00 2.642609478333318163e-01
-2.579052385220225840e+00 2.200548652479423772e-01
1.512197057366368780e+00 -3.725244584805028070e-01
-1.641276528476849794e+00 -5.890283623298299132e-01
