-2.733534257950140045e+00 -3.847222763740523188e-01
-2.838848647203403353e+00 -1.997733694700850049e-01
3.310624972803493549e+00 1.179645019269086742e-01
2.446512458250178934e+00 -4.809477189904393102e-01
-2.925173414251759141e+00 1.517470409560399136e-01
-2.724676977282881385e+00 -5.954505709420245818e-01
2.745150193533372196e+00 -2.839758832137551647e-01
3.826887122825035181e+00 1.314706329170452492e-01
4.182237315606876393e+00 5.937097428707164282e-01
3.424701198479368269e+00 3.053469263993640812e-02
2.147681968695975385e+00 -1.003026755561656991e+00
-2.510753516596842427e+00 -1.156623784760539841e+00
3.219809571612109789e+00 1.521914041175616850e-01
-2.689017657842845299e+00 -6.962104868795861989e-01
-3.016518504378826737e+00 1.760377830011563005e-01
-2.905178953411085896e+00 -1.004512432825638846e-01
2.224030129195113670e+00 -7.277697649962923121e-01
2.216859439302620416e+00 -5.996013513332457689e-01
-2.585910250579282810e+00 -5.730914805870935824e-01
-2.465723644431609962e+00 -1.298112481731769741e+00
-3.459819578373993121e+00 1.227074362897252913e+00
2.756903817103098397e+00 -2.982270904400512873e-02
-3.178890534786325439e+00 4.480719688868921025e-01
-2.630803861486921136e+00 -3.043027508691579230e-01
2.013277042374713943e+00 -7.702079429604559158e-01
2.950465960885412020e+00 -7.814404866236936836e-03
2.560266206847025217e+00 -2.710308537890945835e-01
2.911145664201298722e+00 -1.490302564502463678e-01
-2.854844746117078280e+00 -3.780880797866258969e-01
2.563877577155635912e+00 -3.129238607366988667e-01
2.917852106422152758e+00 -2.513141795646048893e-01
2.394202690555676583e+00 -4.822640492733000217e-01
3.012340009376144767e+00 -1.339349442679714230e-01
-2.774284710081838412e+00 -1.733527311510294489e-01
-2.930470701886860763e+00 -4.134682475468542950e-01
3.031961375006640314e+00 1.100103017989666060e-01
-2.942376725197535681e+00 -2.785321066186426942e-01
-2.777590529404936781e+00 -5.586954097454701618e-01
3.667594258820602970e+00 5.506171089391452833e-01
2.689535028353326584e+00 -4.764060906237226889e-01
-2.874694321699036159e+00 -3.628222090725239934e-01
2.810901438031788935e+00 -2.091226264886865693e-01
-2.722968870014285336e+00 -6.154210088597080741e-01
-3.069666020903735415e+00 2.603418008439903897e-01
-2.582308690054115896e+00 -1.138200638570054712e+00
-3.212506894079056430e+00 7.428827389267806947e-01
-3.259359692383444251e+00 6.244491350436950361e-01
2.347534861129656925e+00 -4.929822510364506027e-01
-3.523255094170418378e+00 1.369586519747809650e+00
3.821410597210505689e+00 5.304464331552170009e-01
-2.622316663233735134e+00 -8.892328761416493643e-01
-2.980041207548351778e+00 2.818440818340569587e-01
-2.778639373187004935e+00 -7.152585355087746066e-01
-2.748550744126078360e+00 -4.818372548637909758e-01
-2.804730262465727542e+00 -3.312657291064531329e-01
3.406376594559829663e+00 2.839454707041716430e-01
-3.666685309717649499e+00 9.180925276108973243e-01
-2.824362217889370363e+00 -1.348416735063027172e-01
2.905039682888676200e+00 -2.165823161244905815e-01
2.300614729207454356e+00 -6.009146197488390850e-01
2.686493547633405310e+00 -3.368001687084458684e-01
2.607813009866219556e+00 -4.778873884446847020e-01
2.956446570977182997e+00 -7.456060496218883116e-02
2.166575607518287150e+00 -6.967518096998709387e-01
-2.840643854111235544e+00 -4.689054984027414830e-01
3.271752981180095166e+00 3.260357698390864423e-01
2.269135952181586369e+00 -6.953590429234225434e-01
3.199388088505044525e+00 1.131748688842293682e-01
2.171542261684614505e+00 -8.186510075880158999e-01
2.788131003775770278e+00 5.101572922189370751e-02
-3.334830853320172928e+00 2.809322532760032964e-01
3.655728050777927951e+00 4.141730992799524391e-01
-2.461251028425394782e+00 -1.035970879124608057e+00
-3.614986026225736726e+00 9.637493741290406035e-01
3.268399473836391067e+00 2.787002053852644656e-01
-3.016843752482937013e+00 2.215565902661367770e-01
2.964435499069592250e+00 -8.901495315621881649e-03
-3.451341787352901758e+00 1.235352921374669011e+00
-3.262011984913419926e+00 8.507818787670931027e-01
2.401030337370482659e+00 -4.363742133801833956e-01
-2.870348107650459557e+00 -2.834421144492240696e-01
-2.971065953860136943e+00 1.978366841251728153e-02
2.493041094102343536e+00 -3.449434077857992387e-01
-2.605327591972690815e+00 -6.643776989168537206e-01
3.228204675017069203e+00 7.985117213385260759e-02
2.670538464236027920e+00 -4.033755574403794508e-01
-2.650042508416937892e+00 -8.756604364923732398e-01
8.153892090548708893e+00 3.932873574110140602e+00
3.091081055897247243e+00 -1.281538510710515388e-01
-3.119825584624182468e+00 5.588330642820839023e-01
-2.676814545851858629e+00 -7.296128799392805897e-01
2.904619845850546334e+00 -2.548375871534395709e-01
-2.866421996602042999e+00 -3.280697882789542774e-01
-2.631635507194650891e+00 -5.840466086029777459e-01
3.072709723192661002e+00 -1.572373527228874968e-01
2.047507413647274621e+00 -7.222786868078071576e-01
3.897923824580292962e+00 3.815129508652604917e-01
3.042920081901999918e+00 1.456712993029608549e-01
4.331118774188532861e+00 1.144809955209786123e+00
-3.232479915034170315e+00 7.417261632030495155e-01
-3.977074668649361211e+00 2.334747859295549954e+00
-3.226372265967534680e+00 3.950458216194263628e-01
2.807342609468808980e+00 -3.198259801811398351e-01
-2.917617403030692280e+00 -2.608169437345115305e-01
-2.675748716043073294e+00 -6.025593542081654208e-01
5.475266344930318496e+00 1.763712608005416183e+00
-3.407992359118303671e+00 5.811295591150433815e-01
-2.891599283683916166e+00 -3.360194971084005666e-01
3.683851818711565862e+00 4.490613410829662477e-01
2.779104926188825875e+00 -4.004988689483427455e-01
-2.785658709057631466e+00 -6.167802107383365540e-01
-2.803177338932724805e+00 -3.398465299893942970e-01
1.875985584235146941e+00 -8.331285399258592239e-01
2.898206645591403507e+00 -4.033584997650064424e-02
3.411925570442991162e+00 2.825983698712652425e-01
2.184489549282530252e+00 -8.500957157769511996e-01
5.353253709540498839e+00 2.056314362198367718e+00
2.884466078072823958e+00 -3.339993737782454009e-01
-2.723067661767385239e+00 -5.199582691085277153e-01
-2.748500583927804275e+00 -3.819093243265850868e-01
-3.891929583053788555e+00 2.257334395711503294e+00
2.698733996545254143e+00 -5.354071842853498353e-01
2.838701966700528878e+00 -1.430942941880474217e-01
3.463440720163140085e+00 8.858162369344087239e-02
-3.030399841527238625e+00 -1.321623967695395932e-02
3.403141502469380519e+00 1.963055540248527242e-01
2.749877325442149356e+00 -2.479310741525339867e-01
-3.004719403872534667e+00 -2.740476909174104775e-02
2.654185142296935140e+00 -2.905771312596263090e-01
-3.070484236778834308e+00 2.416493339986332534e-01
3.266883584721230527e+00 1.209518042893473477e-01
-3.012748167975638935e+00 2.320509835799181853e-01
3.138028175560542365e+00 4.804219423731631577e-02
-2.806453813719707480e+00 -2.583741318458411262e-01
4.530374270639150325e+00 1.183900503424199835e+00
2.901246449625067392e+00 -3.116472024773875860e-01
-2.653764613803650807e+00 -5.846054935747938552e-01
-3.031031518956224247e+00 3.043220758275352877e-01
-2.684447561433415341e+00 -7.584744531767386722e-01
-3.251815427869983566e+00 8.741811297687523963e-01
2.380414419394986769e+00 -4.718538853974169056e-01
2.598633540799219599e+00 -2.893470210517657959e-01
-3.472188823526237478e+00 1.456787063440756258e+00
3.257794594852352343e+00 4.453042337240921134e-01
-3.360078316944446808e+00 8.891555217955653401e-01
2.566321163986884368e+00 -5.554540628182352835e-01
4.496642935263698071e+00 1.274672302483625286e+00
-3.324606453048319477e+00 5.953456701670279960e-01
2.763148502389549677e+00 1.526209528410836166e-02
2.521744487571210946e+00 -5.187175922395625971e-01
4.173382117445215478e+00 8.368627501741258135e-01
2.414432141063076465e+00 -4.197612510099953398e-01
-2.977593676421959934e+00 1.140022005415549169e-03
-3.223878101750916159e+00 6.282412311694369755e-01
-3.006852743147546470e+00 -3.000983854890552638e-01
-2.727926212870755762e+00 -5.796869843222853813e-01
3.050397014449983679e+00 -1.900056783867621890e-01
-2.984225691975483041e+00 -1.456248291177172915e-01
3.391542707750372809e+00 2.404938139381901097e-01
-2.563830077590132817e+00 -1.074328438650025141e+00
-3.382394782232088559e+00 6.414065598554843373e-01
2.372015097607761192e+00 -5.197578145465820976e-01
2.534936108758772288e+00 -4.678822196783071763e-01
2.900025676584861767e+00 -8.256832700060280639e-02
-2.919517730414725509e+00 -1.510559097718358786e-02
-3.210925099309344777e+00 7.372903384379262404e-01
-2.906011181111582520e+00 -1.604785792029465863e-01
3.813058893748725531e+00 3.880299812042260488e-01
-2.633601653886295857e+00 -6.507001443271618335e-01
-3.099681165309009501e+00 5.916295301205093393e-01
2.940496862713998905e+00 -8.488287464388996617e-02
-3.956949499542981474e+00 2.368125883522685715e+00
-2.604201379635909142e+00 -7.740538518216556474e-01
-2.749399438699355436e+00 -6.224458934442980151e-01
1.956733036805391679e+00 -9.961111943347003006e-01
-2.668657255988749366e+00 -9.215188774983680275e-01
4.322590887811596616e+00 9.599771914012737994e-01
-2.640503624820007555e+00 -6.822370822122337808e-01
1.951289950939567364e+00 -7.473089391258764813e-01
-2.946905620164883111e+00 1.481988641364130055e-01
2.356303222800178343e+00 -4.172377483048651525e-01
-2.977241652639317504e+00 2.170764228230331605e-01
2.304853871415840860e+00 -7.386700105732989519e-01
-3.251867306762887377e+00 1.011206458346083803e+00
-2.495761484305077715e+00 -1.019530570020813265e+00
2.227055686653633071e+00 -5.411002589846315436e-01
-3.272144085364882660e+00 6.611068801098233250e-01
2.890051655383939710e+00 -3.571663059084665415e-01
2.780546351739673128e+00 -3.050512142799059467e-01
2.589394351361057112e+00 -3.806489206138910508e-01
-2.550194178416365975e+00 -8.091258828630898403e-01
3.067844021850503200e+00 -5.145581865908758351e-02
3.260289344194179595e+00 -3.299408932703114944e-02
3.067087437076249756e+00 6.711682667443756578e-02
-2.584466168508381401e+00 -8.194283311254402236e-01
2.970589927407890407e+00 -1.131220863519487307e-01
2.925500304210527425e+00 -2.294722277279738210e-01
2.505319104575705502e+00 -5.306555280643254768e-01
2.697134182866763208e+00 -6.632555539010678292e-01
-2.502135684018127471e+00 -1.218214793755991288e+00
-3.662184799614434993e+00 1.518043163661273232e+00
2.318945154537405351e+00 -6.337263830450219348e-01
3.480148018268526933e+00 2.721552048191188677e-01
3.451718852286466799e+00 1.527178438625005075e-01
3.573830259940923071e+00 5.308041439856279187e-01
-2.472191718065675392e+00 -9.528344180215472248e-01
3.350354674196217353e+00 6.116559900602545376e-03
-2.757524162639199528e+00 -2.851497715218066498e-01
2.576631815207921505e+00 -4.924279280803409709e-01
-2.715582172676115125e+00 -6.418389890863953617e-01
2.288619527458014780e+00 -5.527289960980220629e-01
-2.950825631717297171e+00 -1.441107774245961870e-01
4.339232844250529020e+00 7.807843320250495989e-01
2.506258078033662073e+00 -4.645303909011115340e-01
2.820046450462311505e+00 -1.154832210982810192e-01
2.778202619757024650e+00 -2.501375972935014902e-01
-2.937794873220713310e+00 -5.215257550593221936e-02
3.663944246203261645e+00 7.862447423599143725e-01
-3.541773323776753912e+00 1.366088361440707333e+00
-2.904161386864191563e+00 -5.491811310770312177e-02
-2.983743211224546776e+00 -1.412415317230902301e-01
2.434627693732131615e+00 -4.532909130615463411e-01
-3.368712109755019668e+00 1.239437868991103420e+00
-3.002600111556812390e+00 -1.224014667169438658e-01
2.645425846959108540e+00 -2.507176099534139668e-01
-3.183554302918958356e+00 5.415100919504634014e-01
-2.770908418477195045e+00 -2.928224310325530655e-01
2.274400638432152455e+00 -6.415467908098174687e-01
3.612390482431555583e+00 3.868328885577515530e-01
3.347753032199941359e+00 1.393083113214824975e-01
-2.896639114498591905e+00 -1.862268872366473760e-01
3.369233483953203212e+00 1.482451286218321451e-01
-2.673629377533803808e+00 -5.991398675069404822e-01
3.293775017338519628e+00 2.284932360844471322e-01
3.257138336257718425e+00 1.300054917741805538e-01
3.542775837474942513e+00 2.403501134765461955e-01
2.720448369082834272e+00 -2.153004890332136934e-01
5.299879363740681804e+00 1.807831881023094445e+00
2.785981481749820965e+00 -3.668618307005468426e-01
-2.999558830550816513e+00 2.634720953029374146e-01
-4.052958555830388221e+00 3.268757849987704134e+00
2.423500928969585466e+00 -6.728110697568445708e-01
4.415659254653451882e+00 1.131978749219666902e+00
-3.292051662120628830e+00 5.930449337016955313e-01
3.476748267313173546e+00 3.392694028610605539e-01
-2.633011421069908486e+00 -6.280237447255180294e-01
-2.827261816287154339e+00 -2.087505703349157860e-01
2.854346321805403264e+00 -2.900103099158622411e-01
1.700350822452639132e+00 -1.287824716665413760e+00
3.035128794434605481e+00 2.744553542227507609e-02
2.757992441806021766e+00 -1.783483402527523132e-01
3.121240301142379714e+00 -1.152099411590923189e-01
-2.672892378390864465e+00 -5.437398424587085444e-01
-3.258374356337361277e+00 8.559225324176861216e-01
-2.691074885302514819e+00 -7.730700305235364000e-01
-3.341680978062526730e+00 1.031249696680709427e+00
-3.181553953761083520e+00 7.843501469290089512e-01
-2.859223737238075103e+00 -4.881391858738369227e-01
5.305842262324911296e+00 1.806270749615676907e+00
3.296398826201388577e+00 1.085669737513423744e-01
2.444094798576418981e+00 -4.049907034416715401e-01
2.268899721718627305e+00 -6.680123383321708852e-01
5.021639720593149114e+00 1.769230042386501500e+00
3.146496783027464161e+00 6.831853079867453160e-02
-2.901380821724157233e+00 -2.543252031820966153e-01
1.888072767434628485e+00 -1.021507820715863657e+00
2.879499144223104157e+00 -2.055598400844540763e-01
-3.034490826370262351e+00 -3.088210501618308124e-01
-2.713818455035905242e+00 -7.788573710242803205e-01
2.745297784577216849e+00 -4.727080847914227335e-01
-2.904877524243667519e+00 -3.684257548972411089e-01
-2.834736508759054363e+00 -1.120215558255562294e-01
3.697278609852408859e+00 4.714819157233190450e-01
-2.324865351654642698e+00 -1.556528060500744992e+00
3.835339462029102808e+00 5.500162126305371268e-01
2.631128253244660709e+00 -2.500282351317317242e-01
3.214875769047905507e+00 2.424384473806033835e-01
-2.894254337390745224e+00 -2.086762912366289247e-01
-3.557598389827375307e+00 1.389232898570748498e+00
-3.505575871580752345e+00 1.096429753285706354e+00
-3.133283318997730049e+00 3.289602189869014204e-01
-3.070912142187722349e+00 2.597573740732788683e-01
2.356129061239749856e+00 -5.555127555362708858e-01
-2.765124850465815243e+00 -4.133198470442845385e-01
3.037884952436716635e+00 1.585369776030574808e-04
3.043998812518033059e+00 -1.648270064532582624e-01
-2.778902069213021520e+00 -5.010766366157541896e-01
3.711590168017867342e+00 4.671784310966804465e-01
3.486266155522690369e+00 2.558067866255661627e-01
-3.259780520695898076e+00 7.794459714722349331e-01
4.476951064305687567e+00 1.125410770764426749e+00
1.938509370391788389e+00 -9.210612176879524604e-01
-2.843773068410897498e+00 -4.400136815834872900e-02
-2.602596674545908595e+00 -7.898404611365343886e-01
2.354315930362787412e+00 -7.287363125273643716e-01
-2.785229024935307773e+00 -6.990158352048031487e-01
-2.649422657210390497e+00 -1.021446609288483742e+00
-2.499330053592201839e+00 -1.116426247232965574e+00
-3.005406773719380809e+00 4.737937093398881735e-03
3.473363675725745559e+00 3.611094856543294318e-01
-2.673255163930563949e+00 -6.650620397144341167e-01
2.566835632266096567e+00 -3.250953254182177288e-01
-3.567280297348911056e+00 5.745524833167896528e-01
2.390039512265194066e+00 -5.444630265690558746e-01
-3.003249121835111612e+00 3.653373578693320245e-01
-2.845067843420641562e+00 -4.942674249919082330e-02
-2.877644233995321432e+00 -1.358221140047819464e-01
-2.955750405060222352e+00 -1.812583912529908137e-01
-4.022382897758075337e+00 2.369714190173828339e+00
3.655829427934747855e+00 5.145913297880099213e-01
-2.995484788958376665e+00 2.168517652187987310e-01
-2.694180281904525742e+00 -6.019704113821763292e-01
3.195339220487813936e+00 2.181332930654324986e-01
4.143426964675702706e+00 9.388720338084787231e-01
-3.143377633778564828e+00 2.241994777319640253e-01
-2.785702214478871674e+00 -3.510988836066067376e-01
5.535981710467917871e+00 2.073559317269567881e+00
-3.023689116656629761e+00 -1.750040642264779484e-02
-2.764690218076950146e+00 -1.433959401878224516e-01
-3.694950161866752403e+00 1.448162852776328169e+00
-2.569914011900920947e+00 -9.270676087602406357e-01
-3.750159762266066288e+00 1.914343660516314216e+00
-3.029292420055051505e+00 2.154165581021309506e-01
-3.181976954849671912e+00 6.159438952262640266e-01
2.294399066925003616e+00 -6.975178192122274412e-01
-2.888516588206513802e+00 -1.900839686360041025e-01
-3.049053682534241805e+00 1.958091596188486216e-01
-3.507171614015745398e+00 7.449212692430843274e-01
4.088761410622558046e+00 9.652039708090185410e-01
2.751475945470603257e+00 -2.583622552100127701e-01
2.314646521190518502e+00 -4.484869003910992302e-01
2.485196371435700602e+00 -4.986815574353722913e-01
2.588899574744936594e+00 -5.993229355034949135e-01
-3.500036101357075768e+00 1.096931060434733318e+00
3.787814855445771567e+00 4.187355987904617383e-01
3.624026324176552905e+00 3.757574723796891503e-01
-2.926850363798620513e+00 -2.047828241754609258e-01
3.417425118017650032e+00 4.313054808286214681e-01
-3.340597776631734739e+00 9.314789280896497159e-01
-2.969760213906786905e+00 -3.412227134213767776e-01
3.658470071342282637e+00 2.892161171727959945e-01
4.532359552292931859e+00 1.429587478744112294e+00
-3.772411727137650939e+00 1.917515880994197452e+00
-3.180742441081444216e+00 4.393486255784492256e-01
2.968283552744415132e+00 -4.557435099044612747e-02
2.512626650914251414e+00 -5.855318208485983389e-01
-2.767598206956124240e+00 -4.188185737091979499e-01
2.049565283906948476e+00 -7.579734823775664543e-01
3.752469481668714746e+00 7.718517460719809264e-01
-3.029792024564586406e+00 -1.382245908707225857e-01
2.272964666126875422e+00 -8.067223468331643499e-01
2.845180742375071237e+00 -2.075400549490133695e-01
-2.807677658435565604e+00 -6.402379345509451314e-01
-3.820086841542659872e+00 1.977117382307699511e+00
3.003473704875192940e+00 -2.964084266828616310e-02
-2.977750951950997038e+00 6.259947240176290395e-02
-2.556115972049209262e+00 -5.737823204872503080e-01
2.340338757895333188e+00 -4.218146402638134340e-01
2.495575005204425434e+00 -3.458671869185920289e-01
3.072993918337982411e+00 2.920678398978282866e-02
-2.709613162206675696e+00 -7.844538089449808460e-01
-2.571844900198891448e+00 -7.343464860829227447e-01
2.512653510362291787e+00 -4.004321918983656525e-01
3.085390269987760448e+00 -1.045439129246993407e-02
-2.550941531559935527e+00 -1.111031672522461600e+00
-3.233284566989640840e+00 5.323846580641601323e-01
-2.738541532891431540e+00 -2.419140002515372256e-01
3.083011228726060704e+00 1.779339359959887165e-02
-3.585687770878679625e+00 1.706672151462012454e+00
-2.866717419787429222e+00 -2.431699880999912133e-01
-2.941999133779755304e+00 9.871739701757702157e-02
-2.780044718350211941e+00 -4.754140586405982138e-01
-2.862516049472925594e+00 -2.614952493364082753e-01
2.607895563061793265e+00 -5.228527694305887819e-01
-3.026372879294379370e+00 -6.345973054493886378e-05
3.630428016700876448e+00 4.452270020184674881e-01
-2.843918896470974289e+00 -3.694376918468938453e-01
-2.691855857900579796e+00 -7.071081467635079720e-01
3.034135480005204055e+00 1.312833347899680092e-01
-3.115691264835318552e+00 -3.214622270174878615e-02
-3.172063889377992663e+00 2.729072045403666547e-01
-2.690920648675496629e+00 -5.558404491332834541e-01
4.331706185832561395e+00 1.233318059747478879e+00
2.644025078889513214e+00 -3.679936521307934361e-01
4.369624641918430363e+00 9.362652364645290826e-01
2.983405515078950021e+00 1.034009732988593888e-01
-2.999923516859328121e+00 -7.329249717418755139e-02
-2.601004242220418927e+00 -9.003358886847595555e-01
-3.485892589705470890e+00 1.118491943966773094e+00
2.548098249588356179e+00 -3.423369731618715606e-01
-2.707816892084127236e+00 -7.095413497847239404e-01
2.145037077039598561e+00 -5.595763900811616676e-01
-3.306300484879605150e+00 8.518511231396996841e-01
3.728368101784898414e+00 2.323933556495942909e-01
3.344352527732666669e+00 1.886329083727561473e-01
1.943125978025894707e+00 -9.169188586838871169e-01
3.567175163094313373e+00 3.096636481791258388e-01
-2.811407914646212092e+00 -4.021257605092372622e-01
2.424501862053663359e+00 -5.471941378534798117e-01
-3.420922181482538793e+00 1.151848485660291521e+00
-2.635134844774522200e+00 -9.426201638457323284e-01
2.264296182027397020e+00 -5.713604204714795021e-01
-2.620354649269561520e+00 -8.861317965339948755e-01
-2.943106357086827440e+00 -8.933943256202872898e-03
-2.518217944646429896e+00 -1.037184952802291615e+00
-3.238653578956752543e+00 7.706603663976845375e-01
2.381552993332735291e+00 -6.023488475201616010e-01
3.435458757298036403e+00 2.577031627208742348e-01
3.128473186251811811e+00 5.007932151972515483e-02
2.750263017652555764e+00 -2.060853393308580694e-01
2.721829228588596106e+00 -4.763329516705966382e-01
2.927999357470837616e+00 -3.677124653643159061e-03
-2.986352847574252678e+00 -1.497353502588820717e-01
3.294005239688552855e+00 3.704456030342656581e-01
-2.730501564866816278e+00 -3.269504388813895268e-01
-2.782589155448784268e+00 -4.116881244162415299e-01
3.093366255068012105e+00 3.298840043525966270e-02
2.188163795075425799e+00 -6.381906308818510176e-01
-3.173829259744320730e+00 7.724432557065967764e-01
3.656949203309859175e+00 4.103782144917809127e-01
2.931685200984859740e+00 -1.155020602795206186e-01
-2.994763473936817633e+00 -1.176260112429158844e-01
-3.043609086574408096e+00 2.096593775253078884e-01
2.698476130965800746e+00 -2.431589508230063423e-01
2.631646201443961441e+00 -3.505295231041352100e-01
2.934410600614631104e+00 1.439535724036867526e-01
-3.080534171336392291e+00 3.500480657678111118e-01
2.627716647426570074e+00 -2.297128071508075242e-01
-2.641172208904368546e+00 -8.114695837414892532e-01
2.989640936612238065e+00 -1.002773056625478887e-01
2.831404252850143966e+00 -2.285779141396490632e-01
-2.711292475912769895e+00 -6.898824699309524799e-01
2.478043218382179003e+00 -6.522819820487677500e-01
-3.267817851962389941e+00 9.446023199831593553e-01
-2.936000815385878315e+00 6.933243766920753337e-02
-3.014395690481015411e+00 1.627137729576056679e-01
-2.713663493515455549e+00 -6.485049877651340999e-01
-2.893787028236368020e+00 -3.499212286439057351e-01
-4.328162670272108770e+00 2.827496536744294353e+00
-3.333600590588859713e+00 7.083229469201852702e-01
2.281343921291660415e+00 -4.142173855146717432e-01
3.631715607162965931e+00 6.434980412741997391e-01
2.720633483385180629e+00 -2.649586231308500017e-01
-3.465786365084877918e+00 8.442140290948307868e-01
-3.031483778032371568e+00 2.134125207823151793e-01
-2.651036567696722468e+00 -8.884565610077039821e-01
3.564324329040011730e+00 3.373510416599069250e-01
2.557204994305305679e+00 -2.777835991856656972e-01
-4.656875353952863783e+00 4.814933943092521318e+00
-3.381887000958357259e+00 1.153680612536328809e+00
-3.042064928123474399e+00 -7.115562220962585657e-03
3.703914688684201817e+00 4.902577143890219369e-01
-3.111501743354543326e+00 3.853414282819281333e-01
2.352901738223351913e+00 -7.528184755658985372e-01
2.721579996442404337e+00 -9.799414388585246660e-02
4.255333338117734954e+00 9.533524214992737944e-01
-2.783637575000493136e+00 -5.353931431235450233e-01
3.297343142843212949e+00 5.184008775002553167e-04
-3.013799980921695099e+00 -2.406501380226241660e-01
-3.256887815803590325e+00 1.058252390482369965e+00
-2.703419261620473968e+00 -8.353876998440099566e-01
-2.645954965457228525e+00 -6.746785174232791116e-01
2.712017956121019591e+00 -2.183142185490423992e-01
4.167475315983812933e+00 7.888696409624823547e-01
-2.995166172840334262e+00 8.994035899087822472e-02
-2.840198660707039302e+00 -3.773007022433823576e-01
-3.047446141908335626e+00 1.601115141425480948e-01
-2.369262665933370204e+00 -1.458810673862654284e+00
3.729786593049635446e+00 5.892537021500509065e-01
2.182535924891401802e+00 -7.718163134863159636e-01
2.942786349641567600e+00 -1.622618439865115142e-02
3.357325617229479864e+00 1.968795114815235503e-01
-2.754129182949499821e+00 -3.136128400924675930e-01
2.361224130891579343e+00 -5.560139677814277537e-01
-2.934926716559573823e+00 -3.388781512382794125e-01
-2.581433504756402986e+00 -8.647211419498924689e-01
-2.686692122511496805e+00 -5.560748972253769518e-01
-2.790710979003787173e+00 -4.500787279230177851e-01
-3.234391534395833379e+00 4.294846562445187033e-01
-3.016916481920415727e+00 -3.354201145226735903e-02
-3.173250138061041170e+00 9.272844548442067680e-02
3.681956524423696475e+00 4.489098453994669891e-01
-2.518553176236032254e+00 -9.579103771679924328e-01
-2.612619796985020670e+00 -8.981766552526222469e-01
-3.074540167839313831e+00 5.915150155222236306e-01
-2.672457575336141034e+00 -6.905426568032126955e-01
-2.690750637589897742e+00 -7.866564126842723326e-01
-3.511958787742697652e+00 9.078283274652262369e-01
2.967888883840112069e+00 2.534525412038129977e-02
2.595092924468449969e+00 -2.554239838489614778e-01
3.541488277746061009e+00 3.224654325794523158e-01
2.897684676758970568e+00 2.684134648523926053e-02
-3.188443694343057633e+00 4.105650814099379153e-01
2.904262944752955988e+00 1.497265352719786419e-02
3.550387195283082331e+00 2.582074231427485267e-01
-3.008137779896217445e+00 1.397475258022912725e-01
2.854547738571303395e+00 -3.549949756326644112e-01
2.503661626102418492e+00 -4.920942745268498952e-01
-3.085702942131426152e+00 2.729773888718863284e-01
-3.501165922630903982e+00 7.562657758636038841e-01
2.367843760963164623e+00 -4.702121642796278644e-01
-2.687032067144776715e+00 -8.575812365215054189e-01
2.540919091232490601e+00 -3.772059490738376430e-01
