-3.136037657822450808e-01 -3.144020791000455561e-02
-8.569646030803964587e-01 3.150617305387355849e+00
-1.489436439983908622e+00 -5.876910379329599587e-01
-5.304803224980447762e-01 2.895243043589508680e+00
-7.555901438912553392e-01 3.625066583704716461e+00
-6.873814469813287475e-01 -1.016028219412657529e+00
-4.173657318050297271e-01 -2.503475384357275665e-02
-2.890884210399938259e-01 -1.155170452576242957e-01
-1.183601623498988786e+00 -2.024658557028936823e+00
-2.410863312062474950e+00 -9.391121595884348583e-01
-3.137418712246804020e+00 -1.879809969498217104e+00
2.417036460208503268e+00 2.189314351602069220e+00
-1.000580973608181434e+00 -1.634068787680430734e+00
1.032616521053126568e-01 4.285064795703842577e+00
-9.289531892166268401e-01 -1.443950143066117020e+00
-1.020646978857358889e+00 1.745325454334250903e+00
-4.628887165679745341e-01 -1.691216955165865954e-01
-3.832515692920998029e-01 7.866697201660072247e-01
4.891712722659141477e+00 -1.200143988183630883e+00
4.349982265275010640e+00 -1.042886316512129596e+00
-4.507236069585143223e-01 2.442775406089435997e+00
4.718194287356658023e+00 -1.772210584916168008e+00
-2.656841942818551905e-01 3.914043818988822143e-01
-1.024381758725421143e+00 -1.639310551933742088e+00
-1.175285768981245704e+00 -6.645666215545360522e-01
-4.034000205488693647e-01 1.065403484003859980e+00
-1.660122779128860193e+00 -9.351531154277150648e-01
-3.150353234388044155e-01 -4.541431620786535311e-02
-7.750147789780930108e-01 3.228511169133988723e+00
-6.473493341929900113e-01 -9.164899045046098758e-01
-5.079166098149747732e-01 2.491482042457654700e+00
6.526044750497290714e+00 -3.626729941416321767e-01
-6.040456362140225188e-01 1.788062931464013960e+00
-4.522048217780627044e-01 2.823515433744972825e+00
-3.993580904083538496e-01 -4.379639763232677507e-02
-2.306503815046817008e-01 3.158123659449968201e+00
-1.270778152584533638e+00 -2.129834163010431158e+00
-8.148404323575204611e-01 2.879051963582576423e+00
-1.180266769647286385e+00 -4.807880395478349445e-01
-2.909189474755506488e+00 -2.368114465801950175e+00
-6.740977730132934331e-01 -9.101623413995122425e-01
-5.231675177092318663e-01 2.774473836811011562e+00
-1.395092678944463316e+00 -2.352269675991530917e+00
-4.235099077122159161e-01 -2.466628947958227416e-02
7.773191943556294170e+00 -4.860873147856193399e-01
-9.816828373835738697e-01 -1.581563100484729256e+00
2.653739285277927351e-01 2.490957192612949900e+00
-4.103139575628512725e-01 1.414606073000553188e+00
-7.183403716276294260e-01 4.960825598865014285e+00
-4.766153588472703539e-01 1.834490327063295512e+00
7.956929006681824568e+00 -1.704693845146198372e+00
-6.167526515672254461e-03 1.684855572085663278e+00
-4.608513629823572932e-01 2.784201917873672105e+00
-4.581494750930122373e-01 -2.366245815526643245e-02
2.690417649756937646e+00 -1.023450448766240140e+00
-1.264758301318755773e+00 -1.564453441428595992e+00
-5.054070747364197702e-01 -9.357710954462245337e-03
-1.889798774804525294e+00 -1.269670506565880430e+00
-5.883041699490181298e-01 1.552052464277907884e+00
-7.828485339192995385e-01 -1.185571029169055324e+00
-6.441467893213697060e-01 1.753349771520259948e+00
-3.963549825277629113e-01 -1.719705034243220604e-02
4.378188600796711905e-01 4.592388831948814032e-02
-4.733177256643837372e-01 -1.386663469204613142e-01
2.840084555153671975e+00 1.310500589114831138e+00
6.445994659786100200e+00 -1.153606301677513768e+00
-6.473624862567917138e-01 -2.076228789463343827e-01
-8.327085957925360882e-01 -2.617629864318957722e-01
-1.777038602857522909e+00 -7.221190434386521861e-01
3.977533268513693709e+00 -9.768374429859746355e-01
3.776032298724731895e+00 -1.379694060092735652e+00
-2.471542254807161942e+00 -9.857486505218330253e-01
-7.730374807246339630e-01 -5.494690319557004043e-01
-3.943730779559374011e-01 -2.262610232424001888e-02
-6.396835773568726458e-01 3.372520649911124213e+00
-3.271661331574962084e-01 -2.730306891303389827e-02
-1.496585066487837290e+00 -2.593364778897156775e+00
3.280453413485685754e+00 -1.023921292646934100e+00
4.549215856149485759e+00 -9.663982165002802383e-01
-4.070488467844816105e-01 2.698021380015390047e+00
-5.133837886756796864e-01 2.011137178912615564e+00
-1.401431639789696426e+00 -5.670050834956166241e-01
-1.498974369902872084e-01 -1.366914153683360444e+00
-4.311347710262257160e-01 -3.558104069850297896e-02
-3.524414970799471525e-01 -5.325704279074869318e-02
-1.828150573075695062e+00 -1.108533507373406390e+00
3.539384720025512632e+00 -6.379243968927397201e-01
-4.795175105626767187e-01 1.879868267290361494e+00
-3.640647348061630262e-01 -3.353018617238810034e-02
-2.589420125066084211e+00 -1.079599889286042780e+00
1.690819880187683921e+00 8.463654476269337756e-01
-1.281624494501289346e+00 -2.131327863922684251e+00
-4.181191235919288207e-01 -9.380167717543076711e-02
8.575410055392167497e-01 5.127019847963233623e+00
-4.315246400807166705e-01 -2.672422057269747964e-02
-5.741672223534100700e-02 3.294114740585728285e+00
-4.301733129760937913e-01 2.826082817792196611e+00
-1.551254748891520263e+00 -2.673242835343258239e+00
-1.308907801911202595e+00 -2.234694763179831956e+00
-1.020384466495747766e+00 -1.222511107826254495e+00
-4.417731167461914077e-01 -1.981353835734216834e-02
-8.357465992417739686e-01 -1.242651888314164843e+00
4.426798854071454237e+00 -1.162358699587171085e+00
-3.798262101785746525e-01 -3.635367216688213665e-02
-1.815267337141155179e+00 -1.275985308378726923e+00
-2.340475280281126003e-01 -1.440570268347801143e-02
-1.198612020932770417e+00 -1.754753640644219459e+00
-9.853428720079593361e-01 -1.605382809415352385e+00
-4.820999882679215531e-01 2.642478491090806229e-03
-1.349798320554484787e+00 -2.306741432860671903e+00
1.313903122530291290e+00 -9.316849231740713666e-01
5.418720984842614996e+00 -1.090274902686860115e+00
-4.641190360582407859e-01 -1.269709150719383062e-01
-7.379570632182158585e-01 1.630217148400265659e+00
1.561238313456004612e+00 3.324950588093605330e-01
1.342429254230234958e+00 2.649008149989982908e+00
-1.154935107340705702e+00 -1.616597428109706192e+00
-4.078659286148907936e-01 1.694620435286333215e+00
2.336234428636682292e+00 9.669693779654874310e-01
-3.021103333903248367e-01 -4.233402654673500132e-02
-7.441695668912691186e-01 -1.081730307241748346e+00
-3.419810082599583079e-01 -2.529740581754740675e-02
-4.192352939664291123e-01 2.455762264132266837e-01
4.562565884291882590e+00 -1.167226265828296139e+00
-1.311936625753513219e+00 -2.234970066505095332e+00
-3.654289358930820630e-01 -4.189718760890044635e-02
5.265851868378249812e+00 7.644175546009706057e-01
-1.936427696303953727e+00 -3.115924937587241317e+00
-3.979221531930079436e-01 -3.243117146262813888e-02
3.386842707036567535e-01 -1.222365780314950356e+00
3.344679976947191768e+00 -9.542573814784686137e-01
-4.374566589906626057e-01 2.419875493187371163e+00
1.024594431357457758e+00 -1.253027696757680554e+00
-4.628676317510775351e-01 -1.851952050004624858e-02
-5.161582148296024464e-01 2.305673292846499578e+00
-4.494651900589671234e-01 3.561652879965096830e+00
-1.324343461793143772e+00 -5.688957149984641415e-01
-1.154019382044181974e+00 -1.950761902412295745e+00
-7.954361161302376804e-01 3.439807129246431394e+00
-9.194210895157759467e-01 -1.489070664350478967e+00
-2.885467817365483523e+00 -1.226868995968406040e+00
-4.531180714218373540e-01 -2.321912553030865654e-03
-2.112962172840266550e+00 -8.669288335470209939e-01
-1.854516368160008977e+00 -1.409235163563957505e+00
-1.147965112496419637e+00 -1.917842873439852713e+00
-4.963716003983564273e-01 2.411338842277340966e+00
4.277094178951664993e+00 7.731122740326064335e-02
-4.270527377914009048e-01 4.796052562972175970e+00
1.855091800206005059e+00 2.470653323562514547e+00
-5.939765926222997372e-01 3.676094030658806133e+00
-1.380455224432087569e+00 -2.350503249943712181e+00
-1.406792060081054396e+00 -2.440716638793708704e+00
-7.204957601657510091e-01 2.700345700752989853e+00
-1.112134250318940643e+00 -1.763702958215723982e+00
-3.819669796188562838e-01 3.088193762542646770e+00
-1.192854776736540057e+00 -2.141931764589128484e+00
-2.344686679511662764e+00 -9.811361808455185685e-01
4.304862541398072118e+00 -1.097192074998696976e+00
-3.262353898660734774e-01 2.467138882908080255e+00
-4.328734675961234957e-01 1.663289768689188097e+00
-5.801488686664829642e-01 3.267818783822292961e+00
-1.058376529926493781e+00 -1.738012551184655585e+00
-1.068754717504162954e+00 -1.697358184494052180e+00
-6.025176255676634174e-01 -8.543478660606113051e-01
-2.163308874438043539e+00 -9.242391708898800573e-01
1.353810211175646983e-01 -2.398050100197671952e+00
4.573477205324953054e+00 -1.157929670571746561e+00
-4.657630525431229462e-01 1.415040087682706949e+00
-5.565031493813887842e-01 -4.904629412963987800e-01
-2.826055337737296558e-01 3.638895119395264555e+00
-7.396745884546660488e-01 3.661532128343437886e+00
-5.717409327015776643e-01 -6.309149772594335737e-01
-1.213268321351289369e+00 -1.922756644721378416e+00
-3.559912320466530611e-01 -2.751682165040698069e-01
-5.288031164138770057e-01 2.622431059214057392e+00
-1.295609535272544743e+00 -2.209346987592021971e+00
-7.751340158842617845e-01 -7.255459976013614032e-01
-2.604377392646581302e-01 -1.282577623173718484e-01
1.280373018791615136e+00 5.019676680858460305e-01
-1.246011073707626204e+00 -1.705966022208930788e+00
2.841400866476805120e+00 -1.017816161723509527e+00
5.648802942075911160e-01 1.516238766606091026e+00
3.059490822087067130e+00 -3.491041406398588953e-01
5.537313302218607625e+00 -1.249671448404982232e+00
4.582717760672889717e+00 -7.442481545621536521e-01
-1.659154516482079789e+00 -6.438995900771237180e-01
-2.141672735293523200e+00 -9.641290800899788849e-01
-1.625397319201984381e+00 -1.815011926706544987e+00
-2.327143097208204114e-01 2.810841221979173188e+00
-5.981114163935903338e-01 4.942718614666847365e+00
5.052395355495475915e-01 -6.901289221637573190e-01
-1.149044699923458035e+00 -1.920684792139129016e+00
-4.638094989134001755e-01 8.993672899205713556e-01
-3.720528100454444376e-01 -3.000790843823432710e-02
-1.643997150706842492e+00 -7.668453801371009071e-01
-1.111549179471106541e+00 -6.673898135655427222e-01
-5.058004665406020672e-01 2.219390426331654620e+00
1.811131620825021216e+00 4.079550353509986405e-01
-6.481439588324778844e-01 3.134520836980817737e+00
-7.796645951125265039e-01 -1.208170768728241695e+00
-1.199272985101874189e+00 -4.637523317706181980e-01
2.118336080329505045e+00 -2.480048684583752827e+00
-3.322317642339243093e-01 9.631048618487866309e-01
-4.044526653354525436e-01 3.043447043977528035e-02
2.520006380655967604e+00 1.646128316263945957e+00
2.357644861634085487e+00 -5.338563354910435405e-02
-1.291716147061189757e+00 -2.143528504762519660e+00
2.188814198418286061e+00 -7.903222257665637462e-01
-3.769699317170927544e-01 -2.978601593123065064e-02
2.995547449440863375e+00 -7.668774889195556499e-01
-2.201056349881641339e+00 -1.764539472212315774e+00
-1.902071626407849214e+00 -2.861406508151589811e+00
1.289536818736218005e-01 2.658124150495680738e+00
-1.108796015887711039e+00 -1.764871451807614289e+00
-4.493795512577172802e-01 -8.713699734108105999e-03
-1.836105523594822042e+00 -1.856804059251933703e+00
3.830038427386723399e+00 -1.365162594675933372e+00
-1.621600712630395291e+00 -1.760577504199725807e+00
-3.970723635137342611e-01 2.961938917846853592e-01
-1.436168177467964213e+00 -5.527763964102739846e-01
-1.742268966611817127e-01 -1.359008398484431168e-01
3.082474003195206258e+00 -1.275199235909133089e+00
-1.433395060939113952e+00 -1.292724419257302193e+00
-4.694607984798099820e-01 -1.311923099186017017e-01
-2.377665457204121147e+00 -1.066242830969424515e+00
5.810335929405316513e+00 -1.183470831865566231e+00
-1.783976486139268403e+00 -7.124744063387489224e-01
-4.476993527446581078e-01 -2.027086287126186534e-02
4.411399956277773704e+00 -1.694689637694596795e+00
-4.417582937591383319e-01 8.524998961680250176e-01
-3.448416969771111451e-01 -4.782331266261459490e-02
-1.135227570198746871e+00 -1.896036073696545809e+00
-1.303685252057341204e+00 -2.240892535301917121e+00
3.609652547508926723e+00 -9.588059425486449294e-01
-3.669305427426515220e-01 1.306598728324883218e+00
1.039633841458401653e+00 3.287584673282597514e+00
-1.372436211323418753e+00 -2.298691343873878523e+00
-5.187474193904444419e-01 2.054488338431075256e+00
-1.781572562031507878e-01 -1.144007179090745563e+00
-1.343915395375870903e+00 -2.077224623783447299e+00
2.266838873274252375e+00 2.055083994970725136e+00
-4.811150525925780852e-01 2.216241097176828934e+00
-2.573004293753209382e-01 -1.723234597640668775e-02
2.884141850944849761e+00 -1.100916793694139528e+00
-5.764931489145508348e-01 2.497767080316391386e+00
-4.816717727998967580e-01 -3.058608627026803556e-02
-5.792451552474170429e-01 2.571320339627080287e+00
-4.012945366665379709e-01 7.453022820685603067e-01
-3.072468848283270160e-01 3.285391745435448208e+00
2.228178545140570677e+00 -2.733471993002168365e-01
-1.689665164141456177e+00 -9.917782862616140171e-01
4.493920346684244116e+00 -1.196356386424209495e+00
4.335284757508008013e+00 -7.505591105269081575e-01
-1.523945544147858655e+00 -7.601842407621236530e-01
-6.038028894105583744e-01 2.066583901440044002e+00
6.465899520274080992e+00 -1.001199469854979984e+00
2.289691119067786662e+00 -1.429948800511240847e+00
-5.004794142934444467e-01 -2.215057008281365661e-02
-1.957773174486930445e+00 -8.069962470807227062e-01
-1.218071873199652932e+00 -2.036166725975830261e+00
-1.118862989010348974e+00 -1.562220463751935462e+00
5.358381688098102558e+00 -1.355897759657338275e+00
-4.671720748088776243e-01 -1.991328585516010177e-02
-1.270714542254231638e+00 -1.246008708203370174e+00
-1.617378632128288363e+00 -6.431214665404447750e-01
-1.098878348620136336e+00 -1.336253631534397135e+00
-2.079599274559635447e+00 -8.801879498212503705e-01
4.207699110422946198e+00 -1.806991959206295295e+00
-5.372444321939406908e-01 1.997473781285642680e+00
-5.906589217505445744e-01 3.200968546742119170e+00
-1.860983311463043410e+00 -1.666717177317438958e+00
1.843470833737953507e+00 1.800121670339381863e+00
-2.308001165884387140e-01 -3.374969037569909569e-02
-2.156897539699668798e+00 -8.544611369549579560e-01
-8.368877695141568873e-01 -1.319796738009315407e+00
-1.931463128669654861e+00 -8.237739031144305502e-01
4.200939361033562136e+00 -7.891299253830177385e-01
4.647837165849137975e+00 9.342096679700947481e-01
-4.205644058272520885e-02 1.901568693978426872e+00
-2.038379711569357600e+00 -8.336127966684437895e-01
-5.698478960533903681e-01 3.093785741232840891e+00
-1.172803850194246822e+00 -1.910558151697464790e+00
-1.673505750442296769e+00 -2.837183424441547697e+00
-1.513433513450842982e+00 -1.129214567913635836e+00
-1.208095818065741733e+00 -1.958757775351426478e+00
2.603856499882192477e+00 -1.118120795236648313e+00
-1.079159929295040676e+00 -1.706455943848649737e+00
3.834001070583147874e-01 2.598697493361421529e+00
-1.048157803589842230e+00 -1.714271758001606472e+00
-1.064949060476037213e+00 -1.747826994176508109e+00
-1.210232384903039415e+00 -2.038734519959605418e+00
-9.081443668958862903e-01 -1.474430185933799597e+00
-1.604358546858660528e+00 -6.422854072361225963e-01
-6.195986036221036164e-01 1.474004551482801517e+00
-1.084499305719613504e+00 -1.774895492743419290e+00
-1.245002024427463994e+00 -5.148829575622608790e-01
-6.433919220436090658e-01 1.775068414052652921e+00
1.865895919726392682e+00 5.788793471051316419e-02
5.891648460979832524e-01 4.052799837653864756e+00
-7.366485073074874323e-01 1.309218306902544038e+00
-1.361499965799173095e+00 -1.656974949007209208e+00
-1.863799163754422006e+00 -2.355692017892552670e+00
-1.274648484690757755e+00 -2.181123722439526791e+00
-2.090858221899096758e+00 -2.110457679003222786e+00
-5.616031004654158387e-01 2.985364765132588527e+00
-7.684969721652173957e-01 4.411573144467538121e+00
-3.885848013289989744e-01 -3.048241161046158498e-02
-5.217730344150361965e-01 3.193905427448382017e+00
-1.466001708246167379e+00 -5.957309609425117669e-01
-5.192322651272662792e-01 2.943693305777251634e+00
3.156571010539606537e+00 -7.056307026141773742e-01
-2.219698725588341581e-01 3.966796949379944315e-01
-9.852464440796738776e-01 -1.589864673017221897e+00
3.176347288795000168e+00 -1.121018751813314118e+00
-4.261957629726967345e-01 -2.362667599054921533e-02
-3.194064982349064663e-01 -3.423544854632677020e-02
-4.763337608406360557e-01 1.762229251268045083e+00
-9.033077389525903111e-01 -1.240536062485699365e+00
-3.112595136035182786e-01 -3.174609758010827482e-02
-8.612824868942701162e-01 -1.334148257489718326e+00
-1.246501036101897997e+00 -2.086140875776635983e+00
3.930580997611676786e+00 -5.737078920320179964e-01
-8.112872240914631439e-01 -3.372094129325709511e-01
6.434030041047913429e-01 1.859054492705229267e+00
-1.562225884036518853e+00 -3.780667995637033707e-01
-4.135345936612217499e-01 -3.130063452557766551e-02
-9.313578200854227829e-01 -1.426692370729222281e+00
-6.154738355182975962e-01 2.909702763732643582e+00
-1.097317169271074810e+00 8.857708095712488738e-01
-8.161735517523169836e-01 -3.038895311963766832e-01
4.341709330597946170e+00 -1.360150697865933012e+00
-6.456401476076523149e-01 -9.443934494985165573e-01
3.997767604874062020e+00 -1.037414711215476348e+00
-1.086339066792797459e+00 -1.809859521576556718e+00
-6.137085891316153008e-01 4.117465523445977382e+00
-3.675451348352963277e-01 1.954853206890276196e+00
-1.348766045531718083e+00 -9.154396852169063292e-01
-1.176505125731648116e+00 -1.653105215183339638e+00
-3.172784172909533518e-01 1.130808921840515513e+00
-4.169398832856358594e-01 -3.538687339724819192e-02
2.168089404163234146e+00 -1.070077576538112085e+00
2.445654050732355866e+00 -5.873990612588544380e-01
-1.035801129178556934e+00 -1.704550888800987263e+00
-1.209037174003554815e+00 -1.999771101240193083e+00
-6.340086394281720938e-01 1.500274317974474858e+00
-7.756286924418152040e-01 4.342785372810016753e+00
-4.014464465740266164e-01 -2.704332899239370730e-02
-4.581801610579847583e-01 1.838221096259319565e-02
2.915914258746167054e+00 -8.110981929935437984e-01
-1.055032317377892825e+00 -1.093437212689787774e+00
-1.665658316689190510e+00 -6.512261079849113177e-01
-1.132651722597793009e+00 -1.888898724800020190e+00
-1.189652307728551905e+00 -1.976103454914150959e+00
-5.750976570459298554e-01 2.848492338505288046e+00
-9.625963345036473440e-01 -1.552788567987545498e+00
3.015969396074768660e+00 -4.439057771893151205e-01
-1.804543923093289592e+00 -2.689562626488587238e+00
4.882185659171995318e-01 2.509843329992909933e+00
2.948118233542164734e+00 -6.699718303225755678e-01
-1.371718130144003567e+00 -5.478747866010543754e-01
-1.730373816109974650e+00 -9.499880347372114953e-01
-6.968355922769813304e-01 4.160227276773706073e+00
-3.690401376889563823e-01 -3.440356398131631105e-02
-5.255500770330936433e-01 -1.120227181850616649e+00
3.066512602929943210e+00 -1.820102334338637107e+00
-6.180239976970051119e-01 1.932798519031451612e+00
-5.013067157774101501e-01 2.078588154208900640e+00
-8.456480969383101121e-01 -1.345601614071144203e+00
-1.275509193628943105e+00 -2.173669514268478320e+00
-7.106823756737371545e-01 3.362337337575368235e+00
-8.638143231965954572e-01 -4.419109140597470842e-01
-2.257351248017196721e-01 2.558149470535798109e+00
-3.573508236025082496e-01 -6.838445767095310823e-02
5.724139141510101170e-02 3.242350845819941263e+00
3.375069138066503882e+00 1.021235911389899220e+00
1.362787409782756587e+00 -9.362376506355668537e-01
-4.390189357288302729e-01 -3.000645318332014963e-02
-3.740993124450914253e-01 -1.282920039269396795e-01
-5.289346154204526140e-01 -4.330528902296214983e-02
-3.968195558513283872e-01 -4.483125910585231827e-02
-5.189905072675118358e-01 7.540216339492432363e-02
-3.406219705759141458e-01 2.210998697129418655e+00
