-4.639168655833073807e+00 -1.664583107953930385e+00
1.487928615291377987e+00 5.932691418077956635e-02
1.140278453875225750e+00 1.950690554260747778e-01
1.362927656428730483e+00 1.304806134193736422e-01
1.553899443711624473e+00 5.912007270556197264e-02
1.768400647696211081e+00 1.025545751301981147e-02
5.598885353027417411e-01 2.225266025058266206e-01
1.493198660689575519e+00 2.036873862608635719e-02
-4.196384537427817030e+00 -1.270049962840092084e+00
1.623021163937930833e+00 -5.723596116775942627e-02
3.453523426099327498e+00 -3.327912567587877346e-01
-4.161558895007768655e+00 3.898381312618889982e+00
2.136303233040370397e+00 -1.961920624045921657e-01
3.731864888896301302e+00 -2.610024346917349525e-01
1.623446614250616316e+00 5.663752111196304617e-02
1.164157458135421042e+00 1.232523157335249225e-01
-3.228500853327281206e+00 1.331410419643434873e+00
1.544353641396673416e+00 4.701548963433998390e-02
1.462406480063974668e+00 5.114238023604395639e-02
-4.362671406370858485e+00 -1.433506491357513735e+00
2.081003804442547622e+00 5.634119259621564457e-02
-3.568929853292183374e+00 2.851772546864247193e+00
2.945365717203793920e+00 -2.474878705291506942e-01
-4.355266536757536500e+00 -1.445580909320329788e+00
-3.474988366928657424e+00 2.748477250993376142e+00
1.496505678219133939e+00 -1.893120117806366964e-02
2.627559252075790219e+00 -2.490634195717736019e-02
3.811210964416665181e+00 -2.053839668825551135e-01
1.728225746417157982e+00 8.660701343810357777e-02
-3.943101876321970511e+00 3.551773215960083885e+00
2.108553331684599019e+00 -1.522078064283805821e-01
1.996513488600847597e-01 2.791038388105995249e-01
1.355369238911532825e+00 1.037447335423050121e-01
-3.236258332321375164e+00 1.335003663720027323e+00
4.344385542622312135e-01 2.481776174582724370e-01
9.495747512694697745e-01 1.295380628750823215e-01
-3.807427121567001471e+00 -8.922179985588737372e-01
-3.726675551956172949e+00 3.171662007452120235e+00
-3.579222384707824389e+00 -6.633727389552850351e-01
1.878051918402052989e+00 -5.663120953009145864e-02
-3.787892606209564583e+00 -8.925684468847275843e-01
1.992083140804606911e+00 -4.571004916426715803e-02
7.732926169907673453e-01 1.433738574032792645e-01
2.626994949531390677e+00 -1.897913117011338635e-01
1.997986610743141656e+00 -1.093185609304422878e-01
-4.576082761221151429e+00 -1.644922591631804654e+00
-4.294746821977252438e+00 -1.359248178530219731e+00
-3.754157464584919168e+00 3.236957908902982073e+00
-4.140482083451717976e+00 3.783793568133306362e+00
2.379500468247818024e+00 -3.558756841703904911e-02
1.301118548351012816e+00 3.156028910721501296e-02
1.203005185502393770e+00 1.466833626838284221e-01
3.100850219739715641e+00 -2.262684351387613257e-01
-4.545723294966934169e+00 -1.665864167700241483e+00
1.976850715685212867e+00 -7.313729587553073619e-02
3.809066278505827685e-01 2.627504135106222827e-01
1.535662834881642791e+00 1.241738786276477130e-03
2.355294728664932613e+00 -1.482220208580393717e-01
1.295540116409757747e+00 9.365475212191363974e-02
5.312755162752693661e-01 1.979974091220760846e-01
1.867051077988263863e+00 -6.641583511287738051e-02
6.988265027674923635e-01 2.773829487210122680e-01
2.707753605949884346e+00 -1.695917024882257762e-01
1.201954642649476268e+00 1.083014486163252077e-01
3.856837398948752771e+00 -1.197268696150297906e-01
-3.784505007746715499e+00 -8.213943358367786773e-01
-4.279878501829323056e+00 4.121950648433038822e+00
4.112855096439319014e-01 3.500450903496813981e-01
5.988111635404870237e-01 1.540080804086631505e-01
1.014936787781470784e+00 2.186204235307140364e-01
-3.347065584882022993e+00 1.413570974730004037e+00
1.209394371742529506e+00 4.037676159405872295e-02
4.714800670439862063e-01 2.471528640715421610e-01
-4.408488565346313059e+00 4.328326991947900382e+00
1.394306635744743117e+00 -5.379695877198480830e-03
2.549188555487657659e+00 -7.742912359195624865e-03
4.977312351164032145e-01 2.286578995925272750e-01
1.659583520833461723e+00 3.138308820880127831e-02
-3.978105641174618956e+00 3.622857501914881428e+00
4.622676766809664106e-01 1.796039958505152856e-01
1.190834639675538487e+00 8.604797750129250522e-02
1.381637780086399703e+00 1.254988163668505630e-01
2.109243720619800477e+00 -8.749970325445609320e-02
1.175299034885351368e+00 4.883161625228520097e-02
-3.201342193165705563e+00 1.309772085477342030e+00
-3.945896680332397821e+00 -1.019587249173040000e+00
1.367940034530731541e+00 1.999176571283626039e-02
2.410257414736037163e+00 -1.512085075821646141e-01
1.888253014295533383e+00 -4.291363941505115659e-02
1.520829324439507690e+00 1.520521440788178552e-02
2.072533407082327805e+00 -5.509802673696432423e-02
1.211438564481395863e+00 9.332517970734900692e-02
2.454311507284979044e+00 -1.481125908067051911e-01
1.825951422420918568e+00 9.385858834335665535e-02
7.118183485514765207e-01 1.426917056115109828e-01
7.630909936182710407e-01 2.207573805662371158e-01
1.253271112641972884e+00 1.214298478893826583e-01
2.899519493246992870e-03 2.788756857580781401e-01
1.844324976424907447e+00 8.942953805856851401e-02
-3.327381266615029531e+00 1.400686956526118632e+00
2.279021805516209476e+00 -1.438878807994632969e-01
2.407172040801853097e+00 -1.640000298028003456e-01
2.998832829720557314e+00 -2.260398027120046061e-01
-4.236979004769466428e+00 -1.238111690952274691e+00
1.469782324644176574e+00 1.117706654225073815e-01
-4.245831204895013755e+00 -1.320213243090939237e+00
-3.182171410409154078e+00 1.303324459043816441e+00
-4.365322712033340657e+00 -1.451407371331655316e+00
1.115851348842237689e+00 1.526304597390982509e-01
2.448826979591228525e+00 -1.455789276336047211e-01
2.128710571550112896e+00 -1.514709435047888741e-01
1.122513078574673973e+00 7.472290524177975513e-02
1.210086908948369677e+00 1.010424886906213932e-01
6.029205885203604565e-01 2.572831263165066273e-01
2.758334067823065894e+00 -2.615120871894994203e-01
-3.137481139139565389e+00 1.263506105551603920e+00
2.061236052465105217e+00 -1.571282046442883940e-01
-3.833162014332520684e+00 3.281238037657564277e+00
2.826008508599218594e+00 -2.584742693759403687e-01
1.763124169675360342e+00 3.196341480795485243e-04
2.739495679635854497e+00 -2.686996998762286593e-01
6.112386331447176857e-02 3.577372568771284289e-01
2.624435716253251449e+00 -7.726143518161034118e-02
-3.739978255632229853e+00 -7.637900457162889456e-01
2.862424127098420534e+00 -1.566555710907306387e-01
3.616732817754791718e+00 -4.260733829669434702e-01
2.302827887676783369e+00 -1.252989668544109980e-01
1.751607819663122845e+00 4.623210177587119829e-02
2.032774779980999202e+00 -7.864957243596398806e-02
1.277710650169454398e+00 9.706022011111341274e-02
-3.298663367535728419e+00 1.358860600113679817e+00
2.183997248865486185e+00 1.044490812020046767e-05
-4.007874209183619918e+00 -1.100844815041392533e+00
2.829786553534073157e+00 -3.829141902424955113e-01
-3.431613885634902772e+00 1.464410089710133311e+00
5.284476549276135415e+00 -4.523351708271508564e-01
2.696157125994547599e+00 -1.606083185595063578e-01
-4.563401631096658306e+00 -1.629026032727275197e+00
-4.046819389170128289e+00 -1.211693016832143144e+00
3.745783757524718260e-01 2.982333296078719109e-01
-3.947121511012714468e+00 -1.047537266302254411e+00
1.328551200573524715e+00 5.519680003940743290e-02
2.013893796199845987e+00 -1.011144025567836946e-01
1.572789718366227385e+00 -2.430841962795997346e-02
-4.331236353044134013e+00 -1.416759813531304424e+00
3.591763864726571498e+00 -1.713525629943562778e-01
-3.712302945750115768e+00 -7.889992704770349974e-01
1.258002333531532235e+00 3.333155163524920139e-02
1.334294904611333932e+00 1.010090169328653614e-01
-5.428634232071662957e+00 -2.294182373852510448e+00
1.588261249787708662e+00 4.523878602160563700e-02
-4.381643997698654758e+00 -1.393930685579900075e+00
-3.299715972489666083e+00 -3.042131392886525676e-01
-4.215564444744003936e+00 -1.350528131107382679e+00
1.719531599936388488e+00 -5.119499697890019657e-02
3.354208498599949295e-01 2.568489330002720616e-01
8.777735395054753198e-01 1.561430521723645160e-01
1.270029150788283268e+00 1.621419559107971364e-02
-3.889986836039325713e+00 -9.511266661030002290e-01
1.572919366976508471e+00 -1.825910820179260652e-02
7.102894848204505118e-01 2.390680330879459692e-01
-3.888927098843331542e+00 3.416019690733231418e+00
2.123764341867443672e+00 -1.445649009797502771e-01
-4.068222470119145839e+00 -1.213774157942427712e+00
2.152211109775344244e+00 9.198549279269725709e-03
3.221887656928581478e+00 -4.886101215112197416e-01
2.562108692618036976e+00 -1.131043732827680531e-01
-5.220436206014480440e+00 -2.385672097967924898e+00
1.457137277165245104e+00 5.663564528320874647e-02
-3.695006519725924310e+00 3.109106834805205999e+00
-3.752383675574736177e+00 -8.197330843260237643e-01
1.301901358402731246e+00 9.419614375846510623e-02
-4.211149256309144384e+00 -1.253622102524242665e+00
1.445786552766508581e+00 -2.684817979340974568e-03
1.090957536990343035e+00 1.145406599250775731e-01
2.068581898453055512e+00 -5.935953867259074340e-02
-3.963313522863377347e+00 3.548753191974828525e+00
-3.865262718210479953e+00 -9.592879729408047007e-01
1.946531085166679054e+00 -3.270516083525568107e-02
2.313421176600171325e+00 -1.400222778572116911e-01
2.704182802943310371e+00 -1.577210677142625306e-01
-4.545740110945874157e+00 -1.648272859020917247e+00
-4.504834158764690955e+00 -1.483464708322885572e+00
2.733599051697908511e+00 6.934118866199064264e-03
1.050332463009602035e+00 9.734911090132990219e-02
-3.755193066360281051e+00 -8.538885997771599179e-01
2.614690235272446817e+00 -7.150079461456509966e-02
-4.018850993904228730e+00 3.630072974521274531e+00
-4.576809031274162720e+00 -1.699231788567640900e+00
8.061268266925594173e-01 2.468510171120016083e-01
4.612599796626306592e-01 2.286081016908231012e-01
-4.301401798188708270e+00 -1.390748449788191676e+00
1.182700851626091065e+00 8.245567488925226174e-02
1.152463022076178234e+00 1.396579113180542175e-01
-3.202577894320443708e+00 1.324848528035650341e+00
1.960943366774392960e+00 -2.300946209157241421e-02
1.306769684806447396e+00 2.251259845814165134e-02
2.164816293460884111e+00 7.498468020791614064e-02
-3.745496608127339311e+00 -7.566189713671386263e-01
1.768512213027321200e+00 1.094973081645716495e-01
2.297993344963582985e+00 -2.072708506335723400e-01
1.866981275936477613e-01 2.783291908093248890e-01
-5.203621305506969108e+00 -2.281492166031666713e+00
2.920149828556881211e+00 -1.844931446750504300e-01
9.161441281864221020e-01 1.277473753432313008e-01
2.352621089439199231e+00 5.747939074791043670e-03
-4.071664542036541157e+00 3.749973575873826181e+00
-3.182282714344780938e+00 1.298800133424305336e+00
-4.249982399853352355e+00 -1.342733401369911039e+00
-4.636646969444064403e+00 -1.647924891934513081e+00
1.645607624919236844e+00 -9.485960210502546175e-02
4.285686248671902732e+00 -4.101969126464872217e-01
4.948569434818499424e-01 3.147052846592588993e-01
3.265242016848373119e+00 -1.858819259549524538e-01
1.330721178401256033e+00 4.231409270519224941e-02
-3.946597800842656767e+00 -1.076770793709343366e+00
-3.794037431364180701e+00 3.296188727973751842e+00
6.822870049192640174e+00 -8.149749392202390030e-01
-4.247211719907806327e+00 -1.358452945317002447e+00
-3.940644096334094737e+00 -1.052525586966725601e+00
-3.457489995407738714e+00 2.724963745774734214e+00
2.094472822665993661e+00 -4.835018996416560327e-02
1.290753154331900854e+00 1.106353355956925522e-01
-3.860596627885542809e+00 -9.153268179522959791e-01
2.550102393815481427e+00 -8.180363928492423442e-02
-3.510118318693773887e+00 -6.473605455982522905e-01
1.585018808424264014e+00 2.648608698373757994e-02
2.896748619585347573e+00 -1.205467816825498278e-01
1.414622325295129324e+00 6.367655644949166138e-02
-3.202675616402361758e+00 1.302585855519313274e+00
1.672809868385203513e+00 1.981330794798500869e-02
-4.779954269037102854e+00 -1.933042810200713557e+00
-3.833710173089205142e+00 3.351568596700870817e+00
-4.735980052135580820e+00 -1.831750089902134171e+00
7.787414575093649649e-01 1.259799586222011547e-01
-3.777073993219907333e+00 3.272804997248306869e+00
2.428104973555713197e+00 -9.776358308469171310e-02
-4.117981017690742540e+00 -1.221183917548331221e+00
7.499317192203809324e-01 1.775723062519881101e-01
3.417731701330837701e+00 -3.433717162125545785e-01
1.413139983867548244e+00 -6.067337013884186239e-03
3.277948116113344135e+00 -3.838562783870607675e-01
5.302250075629580950e-01 2.413512800861194463e-01
2.776411578195106866e+00 -2.053855158381816259e-01
1.148434964262384561e+00 8.538076858115181689e-02
9.959769468641984647e-01 1.864114161590625651e-01
2.842527731814268321e+00 -2.185646069469526775e-01
1.878242790343826352e+00 -6.554366809770653668e-02
1.394708701195639611e+00 6.453284556441475639e-02
2.593860298848802870e+00 -1.512646047052507159e-01
-3.460334477120839303e+00 1.482948702102807381e+00
1.639631600792103239e+00 -3.066732417151816353e-02
1.476757183752112290e+00 1.122265034047792084e-02
1.253248457951581907e+00 2.304590783651472644e-02
2.386736952413514690e+00 -1.368815860717239596e-01
3.017325442088508947e+00 -2.920648347769023712e-01
-3.427456179186837648e+00 -5.280106819599248436e-01
2.074600555626410436e+00 -7.215386074338463185e-02
1.681487021918932401e+00 1.180080727417153787e-02
-3.825004141488413723e+00 3.309743678140795620e+00
-4.396452704711185433e+00 -1.424447925332779086e+00
1.313092912168365656e+00 1.585329258309399469e-02
-5.020939293730902087e+00 -2.040368924881155177e+00
1.993322885209776407e+00 5.954752167319805195e-02
1.446669533109260941e+00 5.372145232001437204e-02
1.480828972334256477e+00 9.749387941691226023e-02
6.415150925630734857e-01 2.079425231512346817e-01
1.646187206328487695e+00 2.420524131570163471e-03
1.427539518567018995e+00 1.959028609595237294e-02
3.178130792181648623e+00 -3.172003537266378514e-01
1.813514253904257023e+00 1.722509671127055164e-02
3.842919181159479169e+00 -2.433206617866759680e-01
3.315973811128351212e+00 2.553410624806166929e-02
2.051897547692262513e+00 -8.231087346899600143e-02
2.369499050667426943e+00 -8.649480889456415134e-02
-4.296515390057926709e+00 -1.365945449889671481e+00
8.690292582174635738e-01 2.130950574176491419e-01
-4.955443768455536357e+00 -2.079596787830093607e+00
1.750710725936536649e+00 4.466735843389393890e-02
1.577480017353605435e+00 -3.113929968500711576e-02
1.202440924426112279e+00 1.140707631388591242e-01
6.954638262320907982e-01 1.294812905889951571e-01
6.149317967400032892e+00 -7.074466833784102127e-01
6.017509429741724203e-01 1.641325713819558052e-01
2.061945793265193227e+00 -1.511573438424021198e-01
2.097047614609672816e+00 -8.927234117815886771e-02
1.029133088395408402e+00 1.323104837000365352e-01
-4.475906556482034837e+00 -1.549190893899287547e+00
9.922381016908442541e-01 1.181710135090655034e-01
2.682092865868709985e+00 -2.634178696898902827e-01
1.233118850142220113e+00 8.456211829870484420e-02
3.724267968072638157e-01 2.730787933042910232e-01
1.672693652182977164e+00 7.584928344532788913e-02
-3.328934124677651152e+00 1.392686921165200431e+00
1.115186984204694198e+00 1.466969719213870038e-01
2.483498323815002795e+00 -1.716004297779236965e-01
1.865725453136111600e+00 -8.502560357048615652e-04
-4.582245693984480894e+00 -1.689188627506581053e+00
4.025355878841244461e+00 -3.954838366894500301e-01
1.709187214555328849e+00 -5.639123398362606149e-02
-3.888946519318611905e+00 3.465017148622376197e+00
-4.968866365316224609e+00 -1.896346177457781224e+00
-3.296996913039580868e+00 1.365808893525724876e+00
2.581788892953006176e+00 -7.530527829928822248e-02
1.066235980290103358e+00 6.881490534472738119e-02
-4.643253613046046446e+00 -1.873452489004465704e+00
-4.133639147443057382e+00 -1.231638201704529978e+00
-4.594797073990170233e+00 -1.574705880814957437e+00
6.447381289213610644e-01 1.655707944098517570e-01
2.653997812362279607e+00 -2.380590021212413976e-01
2.029657932112660657e+00 8.827116756452172905e-03
-4.022774893656648310e+00 -1.139526935946104658e+00
-3.293220798562774831e+00 1.365862639880887075e+00
2.431289289266428177e+00 -1.900777984702091417e-01
9.527383588436839634e-01 1.223365390879958547e-01
-3.447549970711471623e+00 1.468831910917296701e+00
2.786222367703283354e+00 -1.517469414603847544e-01
1.859489084179042129e+00 -4.686228940653422437e-02
2.940029263319957398e+00 -3.421759105471627871e-01
-3.841140730016596727e+00 -8.951889517675836183e-01
2.397436234671294297e+00 -1.145761015822342743e-01
1.391293888607002094e+00 5.994884456152419633e-02
2.072106408888569895e+00 -9.544019875980239154e-02
1.583891755698531245e+00 6.632863056429350035e-02
1.994010917235654379e+00 -1.021773705405044225e-02
7.908348404626306394e-01 1.672369714644210137e-01
-4.337176224008202574e+00 -1.373577479955155667e+00
-4.318748951045507489e+00 -1.342013071205202746e+00
2.483183072251097911e+00 2.342303657161040869e-03
-4.060912441048999177e+00 -1.193166128016806438e+00
-4.616040157079678075e+00 -1.678114648750704596e+00
2.204078967307083303e+00 -1.221489923782210774e-01
1.202949190789876166e+00 1.381151962909499542e-01
1.984512174700955089e+00 -9.401806883100578827e-02
1.304652834271055495e+00 6.956040388671581864e-02
-4.021388995397568777e+00 3.673563938897470127e+00
-3.241837947023293864e+00 1.339058049421653962e+00
2.248228612188584830e+00 -4.592157138173855874e-02
2.644466320962625794e+00 -2.654454040087338984e-01
-3.874624446117229226e+00 3.411860884914633907e+00
-3.793895063582929161e+00 -8.738280935434430408e-01
2.601008806661795902e-01 2.411236475838640370e-01
-4.619770065618657107e+00 -1.543783983837036411e+00
-3.277365118712304071e+00 1.355344211876100768e+00
1.067963382277907547e+00 1.605023190702842273e-01
1.847463971218556100e+00 4.251640347752777549e-02
6.163951989083481520e-01 1.861494898889734517e-01
4.269440125241926509e+00 -1.701726717517051957e-01
1.980229750431911517e+00 -7.727637748509701143e-02
-3.948911431205986755e+00 -9.569737397588766736e-01
1.942130370392624705e+00 -1.538735329426929588e-02
-4.860572190780533930e+00 -1.792074857231706231e+00
-4.829732036903060077e+00 5.025322593036448460e+00
-3.249183427342224650e+00 1.347418334521430117e+00
3.615719145105255716e+00 -3.240593402706471449e-01
2.382575694710395098e+00 -1.519565351683881682e-01
2.135133904167116903e+00 -7.570471346471643881e-02
2.039294278475578981e+00 -1.234406421028726442e-01
-1.210395594779529738e-01 3.379737924859783083e-01
6.575919617483065860e-01 1.876644352802149529e-01
1.447187817474852700e+00 6.126796768632759849e-02
-4.082174371470408403e+00 -1.153793053370888666e+00
-3.761424216015635480e+00 -8.762216794877211168e-01
2.055764677045969435e+00 -3.382241316009811788e-02
3.419356015275900607e+00 -2.752107987394392108e-01
7.717498267550548796e-01 1.125367334260814201e-01
-4.372017416951246460e+00 -1.553618027585477401e+00
1.401044066596058624e+00 6.034704339063656081e-02
-3.833216169014144192e+00 -8.578359719809786066e-01
-4.655748186747985962e+00 -1.793467954737821834e+00
-4.611984417665893510e+00 -1.621672599413014337e+00
2.567636338165891097e+00 -1.928673428874784768e-01
1.394551536896572630e+00 4.344497719879836933e-02
2.166269371837263424e+00 1.720117729134850240e-02
1.182340094674598996e+00 1.035171080069041127e-01
2.585515179198337954e+00 -2.396557346994796500e-01
2.388341331429456371e+00 -1.413990237026645780e-01
1.924825853264079178e+00 -3.563689222564626197e-02
1.083789317068441838e+00 1.484638617488476253e-01
2.125863611392960095e+00 -1.294373121375521074e-01
1.764700035717354787e+00 -1.565234632657912933e-02
1.269248479195361101e+00 1.515261623469639496e-01
-3.960863899293395995e+00 3.622625170927324945e+00
1.458916307848113991e+00 4.524915138898795430e-02
1.116875035154996310e+00 1.289289852331363673e-01
1.170559269607889696e+00 1.730590932643170932e-01
1.249943653464511417e+00 1.067956614320619974e-01
2.907830494650245790e+00 -2.124002062511353706e-01
1.561554803031457883e+00 1.269953095725201734e-03
9.408020487146456778e-01 1.910729138371154989e-01
5.920956089997938543e-01 1.096770202613635420e-01
2.305265114745227883e+00 -1.640491325479547791e-01
-3.979141020460502443e+00 -9.927665929938950251e-01
1.138193206409733982e+00 1.080077807612542240e-01
-3.693293312308864262e+00 -8.038704829693377185e-01
1.400413541058213696e+00 6.079253107381790006e-02
-4.392375900240374165e+00 -1.463716727766799064e+00
-3.944344000660041427e+00 -1.143302484728256241e+00
2.131715937546677875e+00 -1.010138908005624031e-01
1.733465489404602433e+00 -3.231500437008068966e-02
1.801560225203959753e+00 5.323152467154778017e-04
1.212410183718512391e+00 7.517102775907132106e-02
1.932811398342634490e+00 4.015656422697353074e-03
2.192521834200968467e+00 -1.084820683855181461e-01
-4.977690763399695406e+00 -2.166162793090586902e+00
4.422499965024951352e-01 2.221334447869128537e-01
1.272230790576252435e+00 5.023720500364750596e-02
9.145593376311266232e-01 1.342342469873504529e-01
1.766482206279662348e+00 -2.732599333425208936e-03
2.096366956740136622e+00 1.230691865063567036e-01
1.872765804343067275e+00 -7.217733095560019581e-03
-4.547169871995355273e+00 -1.634945474007385213e+00
-1.646137885218998953e-01 3.374943422150976646e-01
-4.069061847691042288e+00 -1.224178430698656506e+00
5.206273392464167982e-01 2.151432716723099270e-01
1.070027151594267867e+00 1.176731864336928168e-01
5.401776988320441397e-01 2.047182426022273738e-01
2.729854569461427793e+00 -1.756869616615063245e-01
1.812989647426574757e+00 -3.104251343785950634e-02
7.038774457749998881e-01 2.146877475616604802e-01
3.618442199047740893e+00 -5.424793159140364196e-01
1.652950204227169984e+00 -2.205351856303615354e-02
-3.699409658879321494e+00 3.115851027495073033e+00
2.584564057593553787e+00 -2.692989045585688634e-01
9.319928615990127341e-01 1.205148789532221598e-01
2.580188012717867352e+00 -7.794030233544599340e-02
1.130804616223830106e+00 1.111158938506891514e-01
1.160589939838534201e+00 5.024873971449861365e-02
2.010848192200801243e+00 1.749226407304868905e-02
-3.937437215131747159e+00 3.533140786301015801e+00
1.153257917291844903e+00 2.125977595264652853e-01
-4.901018856244438560e+00 -1.970360907485220858e+00
-4.092674783503653657e+00 -1.116482347024163602e+00
1.316910703967365537e+00 3.289914829307014066e-02
1.026204442781639692e+00 1.520879487198345259e-01
1.429267299831383120e+00 2.886532471279255191e-02
2.069591963109972621e+00 3.647638244584893580e-02
5.663379534709557461e+00 -7.149014686936457919e-01
8.031685407513023955e-01 2.866923028620591563e-01
-4.222611472269321986e+00 -1.311282845530723939e+00
-3.429633378056988313e+00 -4.722137355399840808e-01
-4.007082754122816226e+00 -1.040414411365514269e+00
2.267427112546093859e+00 3.089348171637692694e-02
6.358246621759999773e-01 2.133094640698713351e-01
2.070457057123804123e+00 7.719705933805900977e-02
2.831014656285485653e+00 -1.692818995102804980e-01
1.085198811360760240e+00 8.352284982901017618e-02
3.080255668418738768e+00 -2.417049612933684088e-01
2.593004711271423179e+00 -2.743553054045625994e-01
3.368618242451421718e+00 -2.054552569117965022e-01
1.213060065562445500e+00 1.476508113108815634e-01
2.775343527403600685e+00 -1.460573629046213184e-01
1.731646644903995336e+00 -3.632134860593939918e-02
-3.730541601919396655e+00 3.185282760540529612e+00
2.239269173097405030e+00 -1.170332375428978777e-01
1.043826238369886639e+00 1.118287098256725010e-01
1.689939251274446219e+00 1.106711251482034308e-01
-4.623849768964057638e+00 -1.787891267685706387e+00
1.201885965581610316e+00 6.641895058865539270e-02
2.210956887211087629e+00 4.800753291347036739e-02
-4.156194288367663248e+00 -1.293945742588676673e+00
1.663735958564686035e+00 -1.136387162924974714e-02
2.473145909095791239e+00 -7.048649552656008344e-02
2.300753534825741298e+00 -1.207159823353243927e-01
2.169251245171432085e+00 -1.081046227176226532e-01
2.959243762931043964e+00 -2.750253834539819753e-01
-4.655651384296395356e+00 -1.784748794792624826e+00
-3.900073930442684578e+00 3.460186154459611529e+00
2.029989668908978029e+00 -7.719029540076284557e-02
-4.779106773565195532e+00 -1.818163968757316784e+00
2.966081043240115456e+00 -2.598664196701644391e-01
1.300111866734943833e+00 8.316644692812491524e-02
2.893528406410319054e+00 -1.405594493867807770e-01
-4.177022892047348890e+00 -1.066509618829063921e+00
-4.048009843482078374e+00 -1.111491878269961875e+00
-3.795576757096356335e+00 -8.148998928031224720e-01
1.720996817585255245e+00 2.110097770948801341e-02
-4.483388974420126516e+00 -1.530429540849884251e+00
2.633254640621772946e+00 -8.421757693569169312e-02
1.287105982633162560e+00 1.427114018892775282e-01
1.124336874387597662e+00 1.349799583557354243e-01
-4.137394704205981988e+00 -1.243344539599714471e+00
2.330352458946782335e+00 -1.788977322092549505e-01
-3.901093106215439033e+00 -9.693869121254099497e-01
-3.705850748602714351e+00 -7.888351195474148092e-01
3.141511152236621918e+00 -3.208654558334854134e-01
-4.141801685095862773e+00 3.843325212115149991e+00
-4.101879550893596793e+00 -1.177917091209670142e+00
2.065749505931249175e+00 9.433458950511557084e-02
-4.067452394898009693e+00 -1.062475600828572286e+00
4.268728992693720414e+00 -4.134976404489964508e-01
4.157680465890609134e-01 2.477402274702805163e-01
8.420471815694915430e-01 1.793774955563298690e-01
-4.122966718473428216e+00 3.691631761494649666e+00
2.264138185961948935e+00 -4.499315371308043598e-02
1.664766969556833232e+00 -3.013643768239211707e-02
2.338883460539496362e+00 -1.045295118950533980e-01
2.074542074047244000e+00 -8.233207930489093440e-02
-4.617341483511239630e+00 -1.671383679765817920e+00
2.573624747080282216e+00 -6.286713062297254184e-02
-3.789313918765644829e+00 -8.955937156104303298e-01
-3.755738390637043178e+00 -8.588793441889822633e-01
