-3.419136050456076603e+00 -6.424917961615633777e-01
-8.381692503621372969e-01 -4.694546044636381532e-02
1.487496813552487418e-01 1.959519055439471746e-01
2.311490940805985606e+00 3.372187967402244246e-01
-6.858370091705046079e-01 -1.291206918196989850e-01
2.315487638195954823e+00 -7.332157144970506690e-02
9.703002190516846204e-01 -7.407110728191054760e-02
-1.061223038029522225e+00 -2.539085969604253368e-01
-3.268434113039906830e+00 -5.047996958731709727e-01
-1.958210661928406982e+00 -2.872029974331440361e-01
-4.475300356466382912e-01 3.322344044112858844e-03
-3.782445545791495167e+00 3.083767999406514804e+00
3.479562234531563103e+00 5.098545802640710445e-01
2.631042718848201289e+00 -3.143939026874252307e-01
9.665608387063559168e-03 1.843231894276954330e-01
3.045707835865973490e+00 7.218133368146762985e-01
-3.021396867763524341e+00 -7.147266720553829833e-01
2.040788915840844986e+00 8.448874373437890994e-02
1.370890613206723119e+00 -6.727039889038807785e-02
-3.025983476818570939e+00 -3.302762112973043895e-01
-1.158074812338945492e+00 -8.296494722348059236e-02
-3.518591773430639780e+00 2.327856155856097509e+00
3.552752294722924642e+00 4.163942092310964072e-02
-3.071428548702287653e+00 -3.488630040359587126e-01
-3.212228555077471626e+00 1.352779521902395699e+00
6.903132704874286318e-01 -8.552217411594287277e-02
1.731950708853473353e+00 3.973146722553531213e-02
1.258398761813655620e+00 2.144033725875778285e-01
-9.518256671035575378e-01 3.289203018574444748e-01
-3.320152293672705479e+00 1.954860333288482854e+00
6.707000399293705506e-01 -7.821122510057595956e-02
1.779529777046081840e+00 -1.394093549727757481e-02
2.387365428897352260e+00 4.182217733170743856e-01
-2.970564776162536891e+00 -6.171240704811764566e-01
1.120071416240761675e+00 -4.206335133798191905e-02
8.433591517308881569e-01 7.497288026716476539e-01
-3.078484462726898574e+00 -3.821812541689053044e-01
-3.480617863813015411e+00 2.256039300218016130e+00
-2.948970360343320607e+00 -2.634398426727596054e-01
2.392491911399837079e+00 -3.885866805557511849e-01
-3.356346496639966315e+00 -5.610093740147915620e-01
-2.076834585480636652e-01 -1.917735205619485461e-01
-2.724422726015142127e-01 3.620770198056479788e-02
-1.102206271687011574e+00 -1.349022645990988478e-01
4.731972059019939891e+00 5.211945126506204451e-01
-3.110433161450670614e+00 -5.304152013120372322e-01
-3.169639180970381442e+00 -4.846162623361445765e-01
-3.254943511761998032e+00 1.484606913094013603e+00
-3.477137811819332125e+00 2.122935283216135893e+00
7.440013311657896367e+00 -3.175463951785025274e-01
2.906285929346147601e+00 -8.047349127059139073e-02
1.385107164133882574e+00 -8.543884672598112129e-02
5.868410787857276656e-01 9.187909804918075185e-01
-3.135342209597935081e+00 -4.161477483064198735e-01
5.935354525620828436e-01 -4.562284111633125860e-01
8.562635964175594472e-01 -1.114767634482281000e-01
4.105127527759672157e-01 -1.092490486887214007e-01
-4.329477160033458338e-02 -9.202786956160244336e-02
2.051335382508141070e+00 -8.631479842664151192e-02
2.409468791062328474e+00 1.241071953961293411e-01
6.104680081070213760e+00 -9.014801893634510899e-02
-1.605767071914707134e-01 2.725548445393893848e-01
9.521178474694874660e-01 8.891682315262453007e-03
-5.529122123165826352e-02 -3.802324934522695321e-02
-9.275470742282263537e-01 -9.853360751433040687e-02
-3.267885115774007421e+00 -5.452648174517212842e-01
-4.414250849542604271e+00 5.009181440918706762e+00
-1.044574180326674373e+00 -5.361229256250515246e-02
-3.024729434250951865e+00 -5.250644336824712433e-01
9.102450504237014073e+00 3.392065038552554701e-01
-3.122937269135127814e+00 -9.153837868134240274e-01
3.578102039458959993e+00 -2.032328837217289019e-01
2.687497276014754632e+00 -2.858929114282966477e-01
-3.486761149896425938e+00 2.195546756946396005e+00
1.976410234964855350e+00 -9.256073577924212037e-02
5.790134902364823394e-02 -1.007372368250837869e-01
-1.395354331619980570e+00 -1.844332520690532828e-01
-4.593072408706915799e-01 -4.124969863473787468e-02
-3.733031956416591246e+00 2.970421707439407477e+00
9.823022161302066291e-01 7.832006099614713390e-01
1.122031159413531931e+00 6.263203561340869863e-01
1.992813537389537260e-01 -1.302543597315036772e-01
-1.883877531209569856e-01 -2.605477998876002954e-01
5.043533689241847640e+00 1.612863067790514318e-02
-2.989318576663395177e+00 -6.451813367160337265e-01
-3.325247190828303001e+00 -6.064615244217044232e-01
1.199361022070814631e+00 3.935944510969562743e-02
6.339380842012286577e-01 -1.273651605094370046e-02
-3.052643140585920900e+00 -5.337594096804295640e-01
-1.155222586335463708e+00 -2.704298374740576327e-01
8.482400370304973292e-01 1.470262604587254697e-02
3.818533754336552288e+00 -4.213390048882728611e-02
9.919443610905364084e-01 -7.864884744837885577e-02
8.902461871754683287e+00 4.186235040010500286e-01
-1.400533901311975526e+00 -1.563597375322444138e-01
-1.250857481418672368e+00 -8.434532244070112872e-02
-8.536224755840122747e-01 -6.607953171501924905e-02
2.534049961512791604e+00 1.549703195030842882e-02
1.253473008570343827e+00 -1.265138691680519900e-01
-2.990103078298284256e+00 -6.454835347330043493e-01
-5.266415023843223908e-01 -3.171632687399053019e-01
8.238393626179775220e-01 -1.659821323521015468e-01
7.463549094800459027e-01 -1.458520606934598229e-01
-3.044160321812070080e+00 -3.415347748809192119e-01
1.044683662671039709e-01 7.857204179359283946e-01
-3.145520708207516059e+00 -4.230785742675011729e-01
-3.054219266590654236e+00 -7.635722262120061554e-01
-2.863197147062717995e+00 -2.248859922269725864e-01
-8.438765406263173258e-03 -5.014612133360292490e-02
-1.143281375345139017e-01 -2.226293926307522375e-02
1.019823130536187561e+00 5.184536774483143873e-01
-1.267538654494717809e+00 -3.012273299017059203e-01
1.943603665054804530e+00 6.956095680902363299e-01
-1.602140560848982265e+00 -7.073552371568547770e-01
5.946667737519726327e-01 -4.366347768710718280e-02
-3.038898512822933551e+00 -7.083852865176379909e-01
1.893084852364085746e+00 -2.314045700913785596e-03
-3.296788043464917717e+00 1.567061689009588310e+00
4.926379362291590791e-01 -8.285573923659725337e-02
7.724464736037411905e-01 -2.643148692003653988e-01
2.248490741273605931e+00 6.032867286164309700e-02
6.256609250494549634e+00 1.776401147006964887e-01
5.657823740445748761e+00 4.538036627444705928e-01
-3.305494301903061150e+00 -5.467075676992220190e-01
3.390783391989799611e+00 -2.295988945083474869e-02
-3.111082081070654648e-01 -8.658633751926077260e-02
2.009555224491065939e+00 -1.913595440921612156e-01
-2.379783645508113388e+00 -3.478724173595177938e-01
1.685881879669886674e+00 -1.067537911420980840e-01
2.225064391108061645e+00 -2.416216106712582301e-01
-2.931132592064437770e+00 -4.981322689011303262e-01
6.645993843204565932e-02 -3.825180306636976474e-02
-3.346162759500812545e+00 -5.886259793963497522e-01
2.737180340609463691e+00 -1.537865643080272848e-01
-3.124957290879279093e+00 -8.707247327049912888e-01
-2.521634822532700659e-01 9.679359762017875068e-02
1.524175627028996338e+00 -5.334271336368812816e-02
-3.058606174448717852e+00 -3.453027987266771848e-01
-3.115071000364781462e+00 -4.118430448054853366e-01
-6.327345950616012349e-01 -9.128892602965316128e-02
-3.098630240404363523e+00 -3.770833287896320218e-01
-1.346383404489878144e+00 -2.114285272363833068e-01
-1.509776199039604805e+00 -2.092423400817700063e-01
-3.486365796380840876e-01 -4.710414265309573884e-02
-3.148199596779865495e+00 -4.152193514733433788e-01
-2.926243703092496484e-01 1.949678923461586055e-01
-3.330221442479551985e+00 -5.606263219428598843e-01
4.667066375372764808e-01 -5.904518327814516077e-02
1.622180674689777335e+00 -2.384429764663331675e-01
-3.677957028565598918e+00 -8.681821937382075971e-01
-5.782976383032843032e-02 1.632792753095514138e-01
-3.345171644210472195e+00 -6.009984106310376495e-01
-3.269393399176488746e+00 -5.084553740672220767e-01
-2.933063839575393850e+00 -2.392449669201814066e-01
6.327047273341342759e+00 6.610718423113229325e-02
6.588910501063238279e+00 7.409542830509427414e-02
-7.518177294955015189e-01 -3.060388827912144741e-02
2.605704010547245097e+00 6.094230963079445840e-02
-3.046646604851840578e+00 -3.549863671382672003e-01
-8.997282552861602944e-01 -8.395539236141483230e-02
-5.406707712669687194e-01 1.723657696722747934e-01
-3.258982103975193834e+00 1.495087962860586206e+00
-2.894635901624791341e-01 -6.487982407244351213e-02
-3.443730936061525139e+00 -6.016451450962885250e-01
4.070381854761718765e-01 -1.207744696391283706e-01
8.145510404188111009e-01 7.316887391549915798e-02
9.234875139691423485e+00 1.624529087342325484e+00
-3.097728186635497760e+00 -4.028352537386100107e-01
2.349964583671272589e+00 -3.292924690223277273e-01
-3.473154891321156068e+00 2.177418950857148428e+00
-3.286010158271581272e+00 -5.538264361705372840e-01
1.028174499235267714e+00 -2.609983624038749242e-02
-2.967462208957962755e+00 -2.956341010537874014e-01
1.961552480456226988e+01 9.385851868822020494e-02
-1.314075772591818847e+00 -1.067844450215821861e-01
-6.730451105011788782e-01 2.598885977674118483e-02
-4.208296440920342718e+00 4.421340760993432539e+00
-3.306157472734708946e+00 -5.468468216344190003e-01
1.505479842993767248e+00 -1.767015193548724938e-01
6.797177941413994340e+00 -1.886762206999592073e-01
1.717451416486070359e+00 -3.140355642463178200e-03
-3.075017636855483349e+00 -3.659355822118038337e-01
-3.217479484384795807e+00 -4.509341359013015471e-01
9.217438560031551154e-01 -4.792818057115373967e-03
1.155417021917883202e+00 -1.971676604476613193e-01
-3.182242920238425476e+00 -4.554438062039430912e-01
5.552878664221787552e+00 -9.814531702138737379e-02
-3.928126902156575895e+00 3.576613403803376112e+00
-2.977551245450542172e+00 -3.081204152647460948e-01
8.942071552935771939e-01 -8.682613118844992317e-02
-5.473833363794222695e-01 -1.054112492495226927e-01
-3.094448343428740422e+00 -5.491103410134045015e-01
-9.826913937739106819e-01 -2.357337926112559046e-01
1.905577474755170142e-01 -1.103361859787425903e-01
-3.006561252853610533e+00 -6.684676422397637374e-01
-1.950613077180410215e+00 -2.748076123702052898e-01
4.503732896972899580e-01 -2.530565876706273865e-01
2.472009067473770028e+00 -1.301295668711885400e-01
-3.191624719872887095e+00 -4.529009736586370183e-01
3.201778527274530273e+00 -2.958285459705071729e-01
1.231370015538344187e-01 -7.000249923657402007e-02
3.661002090587821112e+00 -2.757818527314185864e-01
-3.403698261883854936e+00 -6.129520225548975576e-01
1.274103042132746610e+00 1.092394701111602862e+00
9.622376344956166117e-01 -6.784787300667660670e-02
4.376962050039569618e+00 -9.792995811978545684e-02
-3.544428045592106447e+00 2.364070174737579411e+00
-3.286045146364190650e+00 -1.138941483534065657e+00
-3.308159999050744648e+00 -5.657767311072331440e-01
-3.008688742180003484e+00 -3.250045138704994452e-01
-2.321040024264339419e+00 -3.753280090314539130e-01
1.183182589306261967e+00 -1.571522591988353257e-01
4.925540280719868491e+00 -2.162653397122659138e-01
2.262937315069188493e+00 -6.807252408949711342e-02
2.578850035603680091e+00 3.879258453889809083e-02
-3.551062223808109319e+00 -7.781643037242313987e-01
-3.576218520896323305e+00 2.492224813525010685e+00
5.774824767214409071e+00 -2.422871786738493571e-01
-2.973946388695967613e+00 -3.004442158008085451e-01
-3.047593583048338939e+00 -3.433048080134196711e-01
-3.213464438893494535e+00 1.335889514373806097e+00
3.883470899931481757e+00 -1.288525231004831739e-01
-4.294680607122116078e-01 -1.735176826415374060e-02
-2.939403650556702274e+00 -2.741324918491061524e-01
4.160182258526550214e+00 -2.881203183818185076e-01
-3.599869603707019916e+00 -7.496346887666176517e-01
2.909012206728169403e+00 3.675476353474577684e-01
3.044948938037450592e-01 -1.261056132229880777e-01
3.528718171372643653e+00 1.474085536296740662e+00
-2.995456180878882435e+00 -6.074472029847076682e-01
-1.684508832514022003e-01 -1.861525707893266768e-01
-3.028114775574914042e+00 -3.105942016140943451e-01
-3.487729017568168555e+00 2.214317054812069863e+00
-3.487619722161452884e+00 -7.022205237466666583e-01
6.600586405275030266e+00 -6.921000834685163416e-02
-3.392676019027887513e+00 1.930825914006318644e+00
7.536985188915649170e-01 2.019095996650441954e-02
-3.323597382815718593e+00 -5.991120739543364104e-01
-1.389303374681470915e+00 -7.426990682300947666e-02
1.833720016968559685e+00 -3.990394756616384014e-02
2.644597463121820091e+00 1.671130797774667831e-01
6.227299694080260295e+00 3.787491491471320915e-01
-6.600701465060529460e-02 -3.423672405634414773e-02
6.205971676866175457e-01 -1.013048908699082373e-01
-3.116913987252764584e-01 -5.142345060450670413e-02
-1.245368895042931134e+00 -1.315018612446476609e-01
2.129013564804524972e+00 3.039205869692956363e-01
3.659254569370185450e+00 -8.478666159604338060e-02
-7.754041903215499465e-01 -4.706264565949395268e-02
1.313414749954373129e+00 -7.200979287097947212e-02
-3.017546677005342737e+00 -5.635385327202214745e-01
7.993412345437222122e+00 1.071530780011350492e+00
2.280288209442845382e+00 -1.514724633676571008e-01
6.612717134177018563e-01 -1.176875642760918939e-01
2.046900854326374919e+00 -8.940148676846806919e-02
-1.740170231716710036e-01 -2.990623053777265450e-01
-3.557700000936525608e+00 -7.708270467644424695e-01
2.452872773717543975e+00 -1.380650875804095845e-01
-6.879264135660033697e-01 -2.705010303654272752e-01
-3.063124807996045806e+00 8.679144893256526272e-01
-3.181560253552091933e+00 -4.571948470075634097e-01
4.603357516243190339e+00 3.899293809861208854e-02
-3.506347761310006472e+00 -7.257261712592809610e-01
-3.175572370667650857e-01 -7.398600794978405122e-03
4.779352283590289074e-01 -3.882664762435580202e-02
3.894521415816127319e-01 -1.055253937198341457e-01
4.077169443882443289e+00 -2.618993647506798542e-02
1.057277341445464813e+00 4.054494534557790547e-02
1.033054780523495308e+00 -1.601694793232222580e-01
1.590792428634766997e+00 1.380252910464888905e-01
-9.145125556988762394e-01 -4.363682721620929655e-02
2.016993162697898523e+00 -3.351933446182525644e-01
1.711472219354575608e-01 -1.616362660126751394e-01
1.183325991491523155e+01 1.688735201169720423e-01
1.462567137713357779e+00 2.945659186639774663e-01
-3.172274871994360979e+00 -4.505721605788966522e-01
2.592157820331492335e+00 1.223850947074977658e+00
-2.923378974592476087e+00 -2.255407439481807719e-01
6.890416987710060726e-01 -1.027071272025115445e-01
5.253714267781045777e+00 7.013071095244264308e-01
1.073071438077606210e+01 -1.757174754154078311e-01
-1.066915167708401890e+00 -1.497130164665336771e-01
4.432615644301185931e+00 2.254992887033750448e-01
2.005188677413550113e+00 -2.885148012825950459e-01
-8.155489674131130018e-01 -6.303816517100971351e-02
9.958678076611087171e-01 -3.572206397037943071e-01
1.523972187817030477e+00 6.227096365933897371e-01
-3.257082794872903531e+00 -5.425204732898480930e-01
4.668195594023596962e-01 3.635386816848130143e-01
3.910095867336927267e+00 3.885402985063017844e-01
-4.013882228687465914e-01 -1.128845660737443635e-01
2.406410795517756718e+00 6.432409028093379055e-02
2.766885892716064443e+00 -2.085489298049297835e-01
-3.177270989772865484e+00 -9.364486820502085918e-01
1.290315501032007539e+00 -6.565540521983082023e-02
-3.322315615060895677e-01 9.970056591434367510e-02
1.548475401172110244e+00 -3.158120775563759697e-01
-3.173366373558058839e+00 -5.246271072891035558e-01
2.367854353569055270e+00 -4.485690584461957120e-01
-1.184934477323948132e-01 -1.705739761835944057e-01
-3.509365826322528914e+00 2.270376286138108934e+00
-3.280569087970836684e+00 -5.356074046337303551e-01
-3.011907041534961582e+00 -6.655724775206131039e-01
2.705632255934767194e+00 6.708075280824431497e-01
-2.381403538921783025e-01 -1.017467321090389093e-01
-3.042743530730948276e+00 -3.651581261979930382e-01
-3.111558585895492612e+00 -3.888545996068066835e-01
-3.184201675464779502e+00 -4.229971793422095394e-01
-1.123375323306247120e+00 -2.124395457304871226e-01
-5.103032813280077296e-01 2.059402089435040661e-01
-1.627196423652369495e+00 -4.759957871659531436e-02
-3.092083845594545632e+00 -3.842285974116693148e-01
-3.284484877587318774e+00 -1.148739205250425721e+00
5.188648478956581905e-02 -3.637225943243808102e-01
9.834419265872682558e-01 -1.030549034835275962e-01
-3.124868092464291092e+00 -8.628726126077540526e-01
1.262550559873233391e-01 -3.548819762800946992e-02
9.706026822575868351e-01 -4.309437000574490861e-01
-4.267635084180912419e-01 -9.992867676442980518e-02
-3.475311492258652546e+00 -7.406702451042647128e-01
-8.116236182387694953e-01 -6.754223413048394964e-02
-1.053359376974681849e-01 4.458199741045185821e-02
-1.052533472946916904e+00 -7.335252903054108320e-02
-8.999739631452088329e-01 -1.523312896963047169e-01
2.746417699533341139e-01 -1.739335094111045532e-01
4.519452502621318368e-01 -9.271328621515768920e-02
-3.166846208346949521e+00 -3.471680771986543901e-01
-3.151339216842624857e+00 -4.278959715442038347e-01
1.712461672941247182e+00 -2.482801404337496923e-02
-2.835545551807598486e+00 -2.593783789466733158e-01
-3.239397176480306229e+00 -4.749027257626012299e-01
-5.296275401201312460e-01 -1.440652809170733240e-01
7.782179850023801526e-01 -2.186497768401863551e-01
3.877133026916391167e-01 -1.783041071796639676e-01
1.418950656146119371e+00 -1.303527234686701342e-01
-4.744713398733289011e+00 6.027646098918673978e+00
-2.924150532714584916e+00 -5.159822866688447141e-01
1.992481381541439056e+00 -1.931094431156626656e-01
3.910437824550388353e+00 2.555210337730132175e-02
-3.397629802463581150e+00 1.956194214327539038e+00
-3.174157604848111269e+00 -4.351498999169250981e-01
3.807570016324268170e-01 -1.567870987302483199e-01
-3.185931111407324323e+00 -4.540930855509467401e-01
-2.913536118526201868e+00 -4.996475456049579433e-01
4.200325631587847219e+00 8.472872956413959322e-01
-4.242095801890244378e-01 -2.057921003489785738e-01
3.875287687559847871e+00 4.903054915940501801e-01
2.991890899156086636e+00 -1.755807230357066262e-01
1.801096056858703331e+00 1.358202393892962712e-01
-3.153029788179936510e+00 -4.321869273397029310e-01
3.205954915617510448e+00 -2.456878805800786769e-01
-3.087771519413674781e+00 -4.076583437693528378e-01
-3.460233463720761460e+00 2.120310926785952788e+00
-3.197034578411975136e+00 -1.043035067399697313e+00
-1.151181424985490559e-01 1.315092412711854897e-01
2.794587079647857575e+00 9.381847506419399574e-01
-3.125581811288646178e-02 -1.667169443147843017e-02
-7.906669344289516399e-01 -1.757634382069703793e-01
-7.506402195551794554e-01 -1.492390783422132272e-01
-1.434283398407435239e+00 -4.050783170604589922e-01
3.929535760062190519e-01 -3.343365823414801152e-02
-3.066785519111017155e+00 -3.550915759789315951e-01
-3.480478899508911095e+00 -7.676627154240046602e-01
1.044744459039451678e+00 -1.140326364314026841e-01
1.133720131561791300e+00 -3.871271856632566444e-03
-2.389698486935353028e+00 -1.895732991147231206e-01
-3.248572118665417285e+00 -5.153152209728528721e-01
-1.245005656275466999e+00 -1.881852905693837952e-01
-3.237176663936763621e+00 -4.963012520304722064e-01
-3.125916234812368355e+00 -4.184560611650522954e-01
-3.269509126405928168e+00 -4.713355754351571947e-01
9.032693692280030495e-01 7.173928998919029687e-02
1.157658788285595541e+00 1.332023056685158365e-02
-7.607633472756882842e-01 -7.528957442804487532e-02
1.032637226591664126e+00 6.746172385535045661e-03
1.070737026173329332e+00 -2.052703317765446900e-01
5.176079424430535703e+00 2.030784346174459992e-02
2.018996481229803575e+00 -7.643090248605362291e-02
1.751379927323284180e+00 2.675286365752060219e-02
5.023250895320631848e+00 3.118105221829243212e-01
1.170859279108989792e+00 -2.047857558456770422e-01
-1.418254699944648145e+00 -7.589338231748733732e-02
-3.050317470907755180e+00 9.023299665021276006e-01
1.222055381123708706e+00 -6.211221026302243126e-02
4.162221972831968486e+00 -1.276495463770750682e-01
-1.296978368905644885e+00 -4.936586337950588099e-02
-1.106390084619620184e+00 -1.048937742117219823e-01
-5.471910795682654038e-01 7.498584799898447284e-02
9.751923689874524293e-01 -1.116880481477397630e-01
4.295246271721736342e+00 -5.731079073366537324e-01
9.864651311636182252e-01 -1.917366552270736713e-01
6.772341438840302486e-01 -2.132080726872137288e-01
-3.035287651610297566e+00 -3.366188588646417679e-01
4.369086831008084815e+00 1.312082996221363151e-01
-3.178729134161312420e+00 -5.197254073909336469e-01
-9.226745078597375915e-01 -2.901184373270525030e-01
-3.372416997662075921e+00 -6.451747318255943719e-01
-2.748787762666293322e+00 -3.003074816867012942e-01
-7.044957692265756410e-01 -1.078319128211906036e-01
1.176122826897626039e+00 -2.334249040824067367e-01
8.509791820837514509e-01 -3.790805894353813654e-01
1.081099189278557082e+00 -3.009971877290338882e-01
3.822700016566625170e+00 -1.718617104177869170e-02
7.517892778450810942e-01 -7.256471832207440908e-02
-3.369967443326602474e+00 -5.862786143407301420e-01
-2.486283162372638494e-02 1.188758217559033603e-01
-7.257243988527635470e-02 -3.599960408237022624e-02
2.245333074477259494e+00 -1.130973284268980972e-01
4.148874505906376964e-01 -1.448646136839905618e-01
6.028772620021675799e+00 1.211080023537171479e+00
-2.443918102568533701e+00 -2.049812102230887390e-01
-3.228196573492346566e+00 -5.506975267074002423e-01
6.214086659274102864e-01 3.471887225404954314e-01
-3.920446585093752656e+00 -1.006230809509671698e+00
-1.367661689346394205e+00 -3.068906544014470342e-02
1.262117704451181988e+00 -5.176588112792195051e-02
1.732461830999709740e+00 -1.309656650467928840e-01
7.249614810796453090e-01 -1.093933740088932766e-01
5.641136382095847779e+00 2.457040852592017599e-01
1.265198709892043194e+00 -2.238191045874021179e-01
8.002364171493571376e+00 1.526562418257900455e-01
6.745900261253726660e-01 -2.141941921711402741e-01
-3.195463969645421454e+00 1.309893109164254721e+00
4.966736360998813993e+00 -3.547900102081982809e-01
-6.802404575803849829e-01 -9.755927212696953454e-02
3.689755525769661926e+00 -1.447126569035077082e-01
6.064741276425825056e+00 1.862462976408419679e-01
-1.362472053373354086e+00 -7.971841710193725006e-02
6.195114281143559332e+00 4.827977979889704341e-01
-3.484789925287715473e+00 2.207583293937070312e+00
3.023129593489447764e+00 -7.113045356750580250e-01
-3.443226698288143428e+00 -6.089357187182575792e-01
-3.047869939781103987e+00 -3.705518093946156832e-01
6.435804953616414359e+00 -1.304714623478861468e-01
-5.624629848879598298e-02 -1.045170835918882851e-01
2.503230989315011090e+00 -2.373856816010873061e-01
4.414195490998963578e+00 -1.883910388811915471e-01
3.122077621849456142e-01 -4.183844993833518711e-01
3.606266778288017005e-01 -2.367163979194218948e-01
-3.432723192192915995e+00 -6.392032722475283757e-01
-3.271724295946850880e+00 -5.345497143887258940e-01
-3.149753020213192034e+00 -4.490195211244033535e-01
8.598484040653596727e-01 -1.462520978581547532e-02
8.775596724045477970e-01 -1.164478804475468643e-01
4.582320024799750313e-01 -1.245864701967592907e-02
3.261591258392066095e+00 -2.308974045342005593e-02
4.018293970786532832e+00 -4.401068315761897942e-01
6.788329975011158979e+00 -2.458435983132744862e-01
1.485191718039169162e+00 1.252819487959765943e-01
8.172762397506618370e+00 -2.401943784885102740e-01
-4.485945120149914533e-02 -1.116958806061112142e-01
1.243919638154072027e+00 3.393417902343506126e-02
1.253473925619500218e+00 -1.861260691164325909e-01
-3.207161492392491375e+00 1.326483644697282749e+00
6.787724354994278952e-02 -1.970126904005815166e-02
-1.645959853710676546e+00 -1.844063960987044615e-01
6.928647060605072072e-01 -9.808045020365827038e-02
-3.063340752421586544e+00 -3.456724529464184070e-01
-2.551518555571816727e-01 2.491523992449551361e-01
8.578203622654938520e-01 -3.343276070825340618e-01
-3.426585584945770702e+00 -6.423677610733407040e-01
-7.865934441730932924e-01 -1.845115834442486447e-01
-2.599434115700991477e-01 5.711180789744770697e-02
6.084235362284133863e-01 8.639302707932584868e-02
-9.381454746094354258e-01 -1.608438332242443924e-01
2.057334470581928088e+00 2.823794652482383705e-01
-3.156919208946768141e+00 -4.591082016796509957e-01
-3.662548498178000322e+00 2.829186832492449621e+00
-1.222965263700095839e+00 -8.858279047501935177e-02
-3.519964687291968097e+00 -7.180797042394021501e-01
1.150944969748928015e+00 -3.074962529244755494e-02
2.064533629505834966e+00 -1.425406735673031555e-01
1.139059504457766270e+00 1.226477139765858315e-01
-3.190514925041179506e+00 -4.698645457989037433e-01
-3.046791589195559702e+00 -5.271477673112731077e-01
-3.412279208189497481e+00 -6.533987751838479241e-01
1.894075899428437237e+00 -2.515619929302159163e-01
-3.177620505588222510e+00 -4.486419454916238947e-01
1.607400399782004552e+00 -1.103097729657311898e-01
3.540468943989006245e+00 -2.324562069770967354e-01
-4.788788055024849610e-01 2.896730217601139468e-01
-3.401462281936727727e+00 -6.584587458658426318e-01
1.035949429803229682e+00 4.409996880269739100e-02
-3.163107190651937461e+00 -5.134137457012188932e-01
-3.158049872508803091e+00 -4.554941085199218365e-01
2.297150523720951742e+00 -2.909383773731823997e-01
-3.488603467611891329e+00 2.241402383782753027e+00
-2.834726419787029883e+00 -1.985401997521016593e-01
9.343247764304006830e-01 -2.152620487649211101e-01
-3.118953614500590277e+00 -4.028017216661847200e-01
2.302927700074763884e+00 -7.260510914316589681e-02
2.370025256650104328e+00 -2.956254843385870967e-01
3.269022067899339135e+00 -1.276992017782190847e-01
-3.176909755265427737e+00 1.234244313076758859e+00
5.955768930253706017e+00 -1.958999826003972877e-01
3.442356561689307703e+00 -1.777182177000559971e-01
2.112404534921899391e+00 -2.801662315179481721e-01
6.575418221912824324e-01 4.712901039083874227e-02
-3.807034507342873297e+00 -8.936632786695308805e-01
6.781235186086516098e-01 -1.020011034031533398e-01
-2.949976044459635904e+00 -3.281966533843779232e-01
-3.197649046155582209e+00 -4.294534077703955344e-01
